3.850000000000000000e+02 3.168000000000000000e+03
4.350000000000000000e+02 2.112000000000000000e+03
5.080000000000000000e+02 1.501000000000000000e+03
5.770000000000000000e+02 1.153000000000000000e+03
6.280000000000000000e+02 9.690000000000000000e+02
6.680000000000000000e+02 8.220000000000000000e+02
6.970000000000000000e+02 7.430000000000000000e+02
7.180000000000000000e+02 6.580000000000000000e+02
7.340000000000000000e+02 6.060000000000000000e+02
7.500000000000000000e+02 5.450000000000000000e+02
7.630000000000000000e+02 4.960000000000000000e+02
7.730000000000000000e+02 4.630000000000000000e+02
7.850000000000000000e+02 4.220000000000000000e+02
7.920000000000000000e+02 3.930000000000000000e+02
7.990000000000000000e+02 3.660000000000000000e+02
8.060000000000000000e+02 3.440000000000000000e+02
8.080000000000000000e+02 3.130000000000000000e+02
8.170000000000000000e+02 2.930000000000000000e+02
8.220000000000000000e+02 2.780000000000000000e+02
8.270000000000000000e+02 2.530000000000000000e+02
8.300000000000000000e+02 2.350000000000000000e+02
8.330000000000000000e+02 2.200000000000000000e+02
8.380000000000000000e+02 2.070000000000000000e+02
8.430000000000000000e+02 1.940000000000000000e+02
8.480000000000000000e+02 1.790000000000000000e+02
8.520000000000000000e+02 1.640000000000000000e+02
8.540000000000000000e+02 1.550000000000000000e+02
8.590000000000000000e+02 1.480000000000000000e+02
8.670000000000000000e+02 1.360000000000000000e+02
8.710000000000000000e+02 1.290000000000000000e+02
8.760000000000000000e+02 1.230000000000000000e+02
8.820000000000000000e+02 1.140000000000000000e+02
8.820000000000000000e+02 1.030000000000000000e+02
8.850000000000000000e+02 9.800000000000000000e+01
8.890000000000000000e+02 9.100000000000000000e+01
8.910000000000000000e+02 8.500000000000000000e+01
8.960000000000000000e+02 8.200000000000000000e+01
8.980000000000000000e+02 7.800000000000000000e+01
9.020000000000000000e+02 7.500000000000000000e+01
9.050000000000000000e+02 7.200000000000000000e+01
9.110000000000000000e+02 6.500000000000000000e+01
9.150000000000000000e+02 6.200000000000000000e+01
9.220000000000000000e+02 6.100000000000000000e+01
9.240000000000000000e+02 5.800000000000000000e+01
9.260000000000000000e+02 5.400000000000000000e+01
9.320000000000000000e+02 5.200000000000000000e+01
9.350000000000000000e+02 4.800000000000000000e+01
9.370000000000000000e+02 4.300000000000000000e+01
9.400000000000000000e+02 4.100000000000000000e+01
9.430000000000000000e+02 3.800000000000000000e+01
9.460000000000000000e+02 3.800000000000000000e+01
9.480000000000000000e+02 3.700000000000000000e+01
9.510000000000000000e+02 3.400000000000000000e+01
9.530000000000000000e+02 3.400000000000000000e+01
9.540000000000000000e+02 3.300000000000000000e+01
9.570000000000000000e+02 3.300000000000000000e+01
9.580000000000000000e+02 3.100000000000000000e+01
9.600000000000000000e+02 2.900000000000000000e+01
9.630000000000000000e+02 2.700000000000000000e+01
9.640000000000000000e+02 2.600000000000000000e+01
9.650000000000000000e+02 2.600000000000000000e+01
9.680000000000000000e+02 2.600000000000000000e+01
9.700000000000000000e+02 2.500000000000000000e+01
9.730000000000000000e+02 2.300000000000000000e+01
9.730000000000000000e+02 2.100000000000000000e+01
9.730000000000000000e+02 2.100000000000000000e+01
9.750000000000000000e+02 2.000000000000000000e+01
9.760000000000000000e+02 1.900000000000000000e+01
9.770000000000000000e+02 1.900000000000000000e+01
9.780000000000000000e+02 1.900000000000000000e+01
9.790000000000000000e+02 1.800000000000000000e+01
9.790000000000000000e+02 1.700000000000000000e+01
9.800000000000000000e+02 1.500000000000000000e+01
9.810000000000000000e+02 1.500000000000000000e+01
9.830000000000000000e+02 1.400000000000000000e+01
9.860000000000000000e+02 1.300000000000000000e+01
9.890000000000000000e+02 1.200000000000000000e+01
9.910000000000000000e+02 1.200000000000000000e+01
9.930000000000000000e+02 1.200000000000000000e+01
9.940000000000000000e+02 1.100000000000000000e+01
9.940000000000000000e+02 1.100000000000000000e+01
9.970000000000000000e+02 1.000000000000000000e+01
1.000000000000000000e+03 9.000000000000000000e+00
1.000000000000000000e+03 8.000000000000000000e+00
1.003000000000000000e+03 7.000000000000000000e+00
1.005000000000000000e+03 5.000000000000000000e+00
1.006000000000000000e+03 5.000000000000000000e+00
1.006000000000000000e+03 4.000000000000000000e+00
1.006000000000000000e+03 4.000000000000000000e+00
1.006000000000000000e+03 4.000000000000000000e+00
1.006000000000000000e+03 3.000000000000000000e+00
1.007000000000000000e+03 2.000000000000000000e+00
1.009000000000000000e+03 2.000000000000000000e+00
1.011000000000000000e+03 2.000000000000000000e+00
1.011000000000000000e+03 2.000000000000000000e+00
