3.440000000000000000e+02 4.812000000000000000e+03
3.740000000000000000e+02 3.310000000000000000e+03
4.190000000000000000e+02 2.372000000000000000e+03
4.660000000000000000e+02 1.737000000000000000e+03
5.210000000000000000e+02 1.362000000000000000e+03
5.640000000000000000e+02 1.110000000000000000e+03
6.110000000000000000e+02 9.620000000000000000e+02
6.460000000000000000e+02 8.340000000000000000e+02
6.740000000000000000e+02 7.470000000000000000e+02
6.930000000000000000e+02 6.740000000000000000e+02
7.090000000000000000e+02 6.210000000000000000e+02
7.230000000000000000e+02 5.740000000000000000e+02
7.400000000000000000e+02 5.250000000000000000e+02
7.580000000000000000e+02 4.830000000000000000e+02
7.680000000000000000e+02 4.440000000000000000e+02
7.800000000000000000e+02 4.180000000000000000e+02
7.870000000000000000e+02 3.900000000000000000e+02
7.940000000000000000e+02 3.580000000000000000e+02
8.010000000000000000e+02 3.430000000000000000e+02
8.050000000000000000e+02 3.120000000000000000e+02
8.120000000000000000e+02 2.900000000000000000e+02
8.170000000000000000e+02 2.680000000000000000e+02
8.230000000000000000e+02 2.480000000000000000e+02
8.290000000000000000e+02 2.290000000000000000e+02
8.360000000000000000e+02 2.200000000000000000e+02
8.390000000000000000e+02 2.030000000000000000e+02
8.440000000000000000e+02 1.950000000000000000e+02
8.490000000000000000e+02 1.850000000000000000e+02
8.560000000000000000e+02 1.670000000000000000e+02
8.600000000000000000e+02 1.550000000000000000e+02
8.610000000000000000e+02 1.460000000000000000e+02
8.680000000000000000e+02 1.360000000000000000e+02
8.680000000000000000e+02 1.240000000000000000e+02
8.740000000000000000e+02 1.150000000000000000e+02
8.780000000000000000e+02 1.100000000000000000e+02
8.840000000000000000e+02 1.060000000000000000e+02
8.860000000000000000e+02 1.010000000000000000e+02
8.900000000000000000e+02 9.300000000000000000e+01
8.930000000000000000e+02 8.900000000000000000e+01
8.970000000000000000e+02 8.500000000000000000e+01
9.000000000000000000e+02 7.900000000000000000e+01
9.060000000000000000e+02 7.500000000000000000e+01
9.120000000000000000e+02 7.300000000000000000e+01
9.160000000000000000e+02 7.000000000000000000e+01
9.200000000000000000e+02 6.700000000000000000e+01
9.240000000000000000e+02 6.500000000000000000e+01
9.260000000000000000e+02 6.100000000000000000e+01
9.290000000000000000e+02 5.600000000000000000e+01
9.350000000000000000e+02 5.100000000000000000e+01
9.390000000000000000e+02 4.700000000000000000e+01
9.420000000000000000e+02 4.700000000000000000e+01
9.440000000000000000e+02 4.300000000000000000e+01
9.470000000000000000e+02 4.100000000000000000e+01
9.470000000000000000e+02 4.000000000000000000e+01
9.490000000000000000e+02 3.900000000000000000e+01
9.530000000000000000e+02 3.800000000000000000e+01
9.550000000000000000e+02 3.600000000000000000e+01
9.580000000000000000e+02 3.400000000000000000e+01
9.610000000000000000e+02 3.400000000000000000e+01
9.620000000000000000e+02 3.300000000000000000e+01
9.620000000000000000e+02 3.200000000000000000e+01
9.630000000000000000e+02 3.100000000000000000e+01
9.650000000000000000e+02 2.800000000000000000e+01
9.670000000000000000e+02 2.500000000000000000e+01
9.680000000000000000e+02 2.300000000000000000e+01
9.690000000000000000e+02 2.300000000000000000e+01
9.700000000000000000e+02 2.300000000000000000e+01
9.700000000000000000e+02 2.200000000000000000e+01
9.700000000000000000e+02 2.100000000000000000e+01
9.720000000000000000e+02 2.000000000000000000e+01
9.740000000000000000e+02 1.900000000000000000e+01
9.740000000000000000e+02 1.900000000000000000e+01
9.740000000000000000e+02 1.700000000000000000e+01
9.780000000000000000e+02 1.600000000000000000e+01
9.800000000000000000e+02 1.500000000000000000e+01
9.860000000000000000e+02 1.500000000000000000e+01
9.870000000000000000e+02 1.300000000000000000e+01
9.910000000000000000e+02 1.300000000000000000e+01
9.910000000000000000e+02 1.300000000000000000e+01
9.940000000000000000e+02 1.100000000000000000e+01
9.950000000000000000e+02 1.100000000000000000e+01
9.970000000000000000e+02 1.100000000000000000e+01
9.980000000000000000e+02 1.000000000000000000e+01
9.980000000000000000e+02 1.000000000000000000e+01
1.001000000000000000e+03 9.000000000000000000e+00
1.003000000000000000e+03 7.000000000000000000e+00
1.006000000000000000e+03 7.000000000000000000e+00
1.006000000000000000e+03 6.000000000000000000e+00
1.006000000000000000e+03 6.000000000000000000e+00
1.006000000000000000e+03 6.000000000000000000e+00
1.007000000000000000e+03 5.000000000000000000e+00
1.007000000000000000e+03 4.000000000000000000e+00
1.010000000000000000e+03 4.000000000000000000e+00
1.011000000000000000e+03 4.000000000000000000e+00
1.011000000000000000e+03 4.000000000000000000e+00
