3.520000000000000000e+02 4.383000000000000000e+03
3.840000000000000000e+02 2.953000000000000000e+03
4.320000000000000000e+02 2.093000000000000000e+03
4.900000000000000000e+02 1.558000000000000000e+03
5.460000000000000000e+02 1.209000000000000000e+03
5.920000000000000000e+02 1.002000000000000000e+03
6.350000000000000000e+02 8.850000000000000000e+02
6.630000000000000000e+02 7.760000000000000000e+02
6.890000000000000000e+02 7.050000000000000000e+02
7.080000000000000000e+02 6.410000000000000000e+02
7.210000000000000000e+02 5.780000000000000000e+02
7.430000000000000000e+02 5.400000000000000000e+02
7.570000000000000000e+02 4.900000000000000000e+02
7.690000000000000000e+02 4.490000000000000000e+02
7.820000000000000000e+02 4.160000000000000000e+02
7.870000000000000000e+02 3.930000000000000000e+02
7.930000000000000000e+02 3.650000000000000000e+02
8.030000000000000000e+02 3.330000000000000000e+02
8.100000000000000000e+02 3.150000000000000000e+02
8.130000000000000000e+02 2.840000000000000000e+02
8.170000000000000000e+02 2.670000000000000000e+02
8.230000000000000000e+02 2.510000000000000000e+02
8.280000000000000000e+02 2.400000000000000000e+02
8.320000000000000000e+02 2.260000000000000000e+02
8.390000000000000000e+02 2.100000000000000000e+02
8.420000000000000000e+02 1.940000000000000000e+02
8.460000000000000000e+02 1.770000000000000000e+02
8.510000000000000000e+02 1.660000000000000000e+02
8.590000000000000000e+02 1.530000000000000000e+02
8.620000000000000000e+02 1.440000000000000000e+02
8.670000000000000000e+02 1.350000000000000000e+02
8.750000000000000000e+02 1.270000000000000000e+02
8.760000000000000000e+02 1.170000000000000000e+02
8.780000000000000000e+02 1.110000000000000000e+02
8.830000000000000000e+02 1.060000000000000000e+02
8.880000000000000000e+02 1.000000000000000000e+02
8.900000000000000000e+02 9.300000000000000000e+01
8.910000000000000000e+02 8.700000000000000000e+01
8.960000000000000000e+02 8.500000000000000000e+01
9.000000000000000000e+02 8.000000000000000000e+01
9.030000000000000000e+02 7.500000000000000000e+01
9.070000000000000000e+02 7.400000000000000000e+01
9.140000000000000000e+02 7.000000000000000000e+01
9.180000000000000000e+02 6.700000000000000000e+01
9.220000000000000000e+02 6.100000000000000000e+01
9.250000000000000000e+02 5.900000000000000000e+01
9.290000000000000000e+02 5.400000000000000000e+01
9.320000000000000000e+02 4.900000000000000000e+01
9.340000000000000000e+02 4.500000000000000000e+01
9.380000000000000000e+02 4.200000000000000000e+01
9.420000000000000000e+02 4.200000000000000000e+01
9.440000000000000000e+02 4.100000000000000000e+01
9.470000000000000000e+02 4.100000000000000000e+01
9.480000000000000000e+02 4.000000000000000000e+01
9.520000000000000000e+02 3.900000000000000000e+01
9.550000000000000000e+02 3.900000000000000000e+01
9.560000000000000000e+02 3.700000000000000000e+01
9.580000000000000000e+02 3.400000000000000000e+01
9.610000000000000000e+02 3.400000000000000000e+01
9.620000000000000000e+02 3.200000000000000000e+01
9.620000000000000000e+02 3.200000000000000000e+01
9.640000000000000000e+02 2.700000000000000000e+01
9.680000000000000000e+02 2.600000000000000000e+01
9.700000000000000000e+02 2.200000000000000000e+01
9.700000000000000000e+02 2.100000000000000000e+01
9.710000000000000000e+02 2.000000000000000000e+01
9.720000000000000000e+02 2.000000000000000000e+01
9.720000000000000000e+02 1.900000000000000000e+01
9.720000000000000000e+02 1.900000000000000000e+01
9.740000000000000000e+02 1.900000000000000000e+01
9.760000000000000000e+02 1.900000000000000000e+01
9.760000000000000000e+02 1.900000000000000000e+01
9.770000000000000000e+02 1.700000000000000000e+01
9.790000000000000000e+02 1.600000000000000000e+01
9.810000000000000000e+02 1.600000000000000000e+01
9.850000000000000000e+02 1.500000000000000000e+01
9.870000000000000000e+02 1.400000000000000000e+01
9.900000000000000000e+02 1.300000000000000000e+01
9.910000000000000000e+02 1.200000000000000000e+01
9.930000000000000000e+02 1.100000000000000000e+01
9.940000000000000000e+02 1.100000000000000000e+01
9.960000000000000000e+02 1.100000000000000000e+01
9.980000000000000000e+02 1.000000000000000000e+01
9.980000000000000000e+02 1.000000000000000000e+01
1.000000000000000000e+03 9.000000000000000000e+00
1.004000000000000000e+03 7.000000000000000000e+00
1.005000000000000000e+03 7.000000000000000000e+00
1.007000000000000000e+03 5.000000000000000000e+00
1.007000000000000000e+03 5.000000000000000000e+00
1.007000000000000000e+03 5.000000000000000000e+00
1.008000000000000000e+03 4.000000000000000000e+00
1.008000000000000000e+03 3.000000000000000000e+00
1.010000000000000000e+03 3.000000000000000000e+00
1.011000000000000000e+03 3.000000000000000000e+00
1.011000000000000000e+03 3.000000000000000000e+00
