3.310000000000000000e+02 5.293000000000000000e+03
3.680000000000000000e+02 3.655000000000000000e+03
3.980000000000000000e+02 2.598000000000000000e+03
4.440000000000000000e+02 1.957000000000000000e+03
4.940000000000000000e+02 1.506000000000000000e+03
5.420000000000000000e+02 1.201000000000000000e+03
5.900000000000000000e+02 1.027000000000000000e+03
6.260000000000000000e+02 8.900000000000000000e+02
6.600000000000000000e+02 7.880000000000000000e+02
6.790000000000000000e+02 7.050000000000000000e+02
6.960000000000000000e+02 6.410000000000000000e+02
7.150000000000000000e+02 5.980000000000000000e+02
7.300000000000000000e+02 5.460000000000000000e+02
7.410000000000000000e+02 5.000000000000000000e+02
7.580000000000000000e+02 4.680000000000000000e+02
7.700000000000000000e+02 4.370000000000000000e+02
7.810000000000000000e+02 4.040000000000000000e+02
7.880000000000000000e+02 3.850000000000000000e+02
7.970000000000000000e+02 3.580000000000000000e+02
7.990000000000000000e+02 3.270000000000000000e+02
8.070000000000000000e+02 3.060000000000000000e+02
8.130000000000000000e+02 2.870000000000000000e+02
8.180000000000000000e+02 2.710000000000000000e+02
8.230000000000000000e+02 2.520000000000000000e+02
8.310000000000000000e+02 2.350000000000000000e+02
8.360000000000000000e+02 2.200000000000000000e+02
8.410000000000000000e+02 2.030000000000000000e+02
8.470000000000000000e+02 1.910000000000000000e+02
8.540000000000000000e+02 1.770000000000000000e+02
8.560000000000000000e+02 1.660000000000000000e+02
8.580000000000000000e+02 1.580000000000000000e+02
8.670000000000000000e+02 1.440000000000000000e+02
8.680000000000000000e+02 1.330000000000000000e+02
8.720000000000000000e+02 1.270000000000000000e+02
8.770000000000000000e+02 1.200000000000000000e+02
8.800000000000000000e+02 1.140000000000000000e+02
8.820000000000000000e+02 1.090000000000000000e+02
8.830000000000000000e+02 1.010000000000000000e+02
8.880000000000000000e+02 9.700000000000000000e+01
8.920000000000000000e+02 9.300000000000000000e+01
8.970000000000000000e+02 8.500000000000000000e+01
9.030000000000000000e+02 7.900000000000000000e+01
9.050000000000000000e+02 7.500000000000000000e+01
9.110000000000000000e+02 7.200000000000000000e+01
9.170000000000000000e+02 6.900000000000000000e+01
9.200000000000000000e+02 6.600000000000000000e+01
9.240000000000000000e+02 6.200000000000000000e+01
9.270000000000000000e+02 5.700000000000000000e+01
9.280000000000000000e+02 5.300000000000000000e+01
9.310000000000000000e+02 4.900000000000000000e+01
9.360000000000000000e+02 4.800000000000000000e+01
9.400000000000000000e+02 4.400000000000000000e+01
9.430000000000000000e+02 4.300000000000000000e+01
9.450000000000000000e+02 4.300000000000000000e+01
9.490000000000000000e+02 4.100000000000000000e+01
9.520000000000000000e+02 4.000000000000000000e+01
9.550000000000000000e+02 3.700000000000000000e+01
9.580000000000000000e+02 3.500000000000000000e+01
9.610000000000000000e+02 3.300000000000000000e+01
9.620000000000000000e+02 3.100000000000000000e+01
9.620000000000000000e+02 3.100000000000000000e+01
9.630000000000000000e+02 3.000000000000000000e+01
9.650000000000000000e+02 2.800000000000000000e+01
9.670000000000000000e+02 2.700000000000000000e+01
9.670000000000000000e+02 2.500000000000000000e+01
9.680000000000000000e+02 2.500000000000000000e+01
9.690000000000000000e+02 2.500000000000000000e+01
9.690000000000000000e+02 2.400000000000000000e+01
9.690000000000000000e+02 2.400000000000000000e+01
9.710000000000000000e+02 2.400000000000000000e+01
9.720000000000000000e+02 2.300000000000000000e+01
9.720000000000000000e+02 2.100000000000000000e+01
9.730000000000000000e+02 1.700000000000000000e+01
9.750000000000000000e+02 1.600000000000000000e+01
9.770000000000000000e+02 1.500000000000000000e+01
9.810000000000000000e+02 1.500000000000000000e+01
9.830000000000000000e+02 1.400000000000000000e+01
9.870000000000000000e+02 1.400000000000000000e+01
9.890000000000000000e+02 1.300000000000000000e+01
9.930000000000000000e+02 1.100000000000000000e+01
9.950000000000000000e+02 1.100000000000000000e+01
9.960000000000000000e+02 1.100000000000000000e+01
9.970000000000000000e+02 1.000000000000000000e+01
9.980000000000000000e+02 1.000000000000000000e+01
1.000000000000000000e+03 9.000000000000000000e+00
1.004000000000000000e+03 7.000000000000000000e+00
1.005000000000000000e+03 7.000000000000000000e+00
1.005000000000000000e+03 6.000000000000000000e+00
1.005000000000000000e+03 6.000000000000000000e+00
1.006000000000000000e+03 6.000000000000000000e+00
1.006000000000000000e+03 5.000000000000000000e+00
1.008000000000000000e+03 4.000000000000000000e+00
1.009000000000000000e+03 4.000000000000000000e+00
1.010000000000000000e+03 4.000000000000000000e+00
1.010000000000000000e+03 4.000000000000000000e+00
