3.220000000000000000e+02 5.674000000000000000e+03
3.630000000000000000e+02 3.923000000000000000e+03
3.880000000000000000e+02 2.819000000000000000e+03
4.330000000000000000e+02 2.074000000000000000e+03
4.730000000000000000e+02 1.601000000000000000e+03
5.300000000000000000e+02 1.258000000000000000e+03
5.660000000000000000e+02 1.051000000000000000e+03
6.180000000000000000e+02 9.130000000000000000e+02
6.500000000000000000e+02 7.930000000000000000e+02
6.670000000000000000e+02 6.910000000000000000e+02
6.820000000000000000e+02 6.320000000000000000e+02
7.040000000000000000e+02 5.790000000000000000e+02
7.230000000000000000e+02 5.280000000000000000e+02
7.370000000000000000e+02 4.800000000000000000e+02
7.490000000000000000e+02 4.420000000000000000e+02
7.640000000000000000e+02 4.150000000000000000e+02
7.750000000000000000e+02 3.850000000000000000e+02
7.870000000000000000e+02 3.560000000000000000e+02
7.960000000000000000e+02 3.320000000000000000e+02
8.030000000000000000e+02 3.080000000000000000e+02
8.080000000000000000e+02 2.840000000000000000e+02
8.130000000000000000e+02 2.670000000000000000e+02
8.190000000000000000e+02 2.490000000000000000e+02
8.240000000000000000e+02 2.350000000000000000e+02
8.300000000000000000e+02 2.160000000000000000e+02
8.350000000000000000e+02 1.950000000000000000e+02
8.420000000000000000e+02 1.820000000000000000e+02
8.460000000000000000e+02 1.710000000000000000e+02
8.530000000000000000e+02 1.540000000000000000e+02
8.560000000000000000e+02 1.450000000000000000e+02
8.580000000000000000e+02 1.350000000000000000e+02
8.640000000000000000e+02 1.280000000000000000e+02
8.700000000000000000e+02 1.180000000000000000e+02
8.720000000000000000e+02 1.150000000000000000e+02
8.740000000000000000e+02 1.040000000000000000e+02
8.770000000000000000e+02 9.200000000000000000e+01
8.800000000000000000e+02 8.200000000000000000e+01
8.810000000000000000e+02 7.500000000000000000e+01
8.870000000000000000e+02 7.100000000000000000e+01
8.900000000000000000e+02 6.300000000000000000e+01
8.950000000000000000e+02 5.800000000000000000e+01
9.020000000000000000e+02 5.500000000000000000e+01
9.070000000000000000e+02 5.300000000000000000e+01
9.110000000000000000e+02 5.200000000000000000e+01
9.140000000000000000e+02 4.900000000000000000e+01
9.200000000000000000e+02 4.800000000000000000e+01
9.230000000000000000e+02 4.100000000000000000e+01
9.280000000000000000e+02 3.500000000000000000e+01
9.320000000000000000e+02 3.200000000000000000e+01
9.370000000000000000e+02 3.000000000000000000e+01
9.400000000000000000e+02 2.800000000000000000e+01
9.440000000000000000e+02 2.500000000000000000e+01
9.490000000000000000e+02 2.300000000000000000e+01
9.500000000000000000e+02 2.300000000000000000e+01
9.530000000000000000e+02 2.100000000000000000e+01
9.570000000000000000e+02 2.000000000000000000e+01
9.600000000000000000e+02 1.800000000000000000e+01
9.640000000000000000e+02 1.700000000000000000e+01
9.660000000000000000e+02 1.500000000000000000e+01
9.700000000000000000e+02 1.500000000000000000e+01
9.700000000000000000e+02 1.500000000000000000e+01
9.710000000000000000e+02 1.500000000000000000e+01
9.740000000000000000e+02 1.300000000000000000e+01
9.770000000000000000e+02 1.200000000000000000e+01
9.770000000000000000e+02 1.100000000000000000e+01
9.780000000000000000e+02 1.100000000000000000e+01
9.790000000000000000e+02 1.000000000000000000e+01
9.790000000000000000e+02 1.000000000000000000e+01
9.790000000000000000e+02 1.000000000000000000e+01
9.810000000000000000e+02 1.000000000000000000e+01
9.820000000000000000e+02 1.000000000000000000e+01
9.820000000000000000e+02 1.000000000000000000e+01
9.820000000000000000e+02 9.000000000000000000e+00
9.850000000000000000e+02 9.000000000000000000e+00
9.870000000000000000e+02 9.000000000000000000e+00
9.920000000000000000e+02 9.000000000000000000e+00
9.940000000000000000e+02 9.000000000000000000e+00
9.960000000000000000e+02 9.000000000000000000e+00
9.980000000000000000e+02 9.000000000000000000e+00
1.001000000000000000e+03 7.000000000000000000e+00
1.002000000000000000e+03 7.000000000000000000e+00
1.003000000000000000e+03 7.000000000000000000e+00
1.005000000000000000e+03 6.000000000000000000e+00
1.005000000000000000e+03 5.000000000000000000e+00
1.007000000000000000e+03 5.000000000000000000e+00
1.009000000000000000e+03 4.000000000000000000e+00
1.010000000000000000e+03 3.000000000000000000e+00
1.010000000000000000e+03 3.000000000000000000e+00
1.010000000000000000e+03 2.000000000000000000e+00
1.010000000000000000e+03 1.000000000000000000e+00
1.011000000000000000e+03 0.000000000000000000e+00
1.012000000000000000e+03 0.000000000000000000e+00
1.013000000000000000e+03 0.000000000000000000e+00
1.014000000000000000e+03 0.000000000000000000e+00
1.014000000000000000e+03 0.000000000000000000e+00
