3.680000000000000000e+02 3.809000000000000000e+03
4.090000000000000000e+02 2.578000000000000000e+03
4.560000000000000000e+02 1.797000000000000000e+03
5.290000000000000000e+02 1.347000000000000000e+03
5.800000000000000000e+02 1.082000000000000000e+03
6.280000000000000000e+02 9.180000000000000000e+02
6.660000000000000000e+02 8.200000000000000000e+02
6.900000000000000000e+02 7.290000000000000000e+02
7.070000000000000000e+02 6.530000000000000000e+02
7.300000000000000000e+02 5.910000000000000000e+02
7.420000000000000000e+02 5.430000000000000000e+02
7.550000000000000000e+02 5.070000000000000000e+02
7.730000000000000000e+02 4.650000000000000000e+02
7.810000000000000000e+02 4.210000000000000000e+02
7.890000000000000000e+02 3.900000000000000000e+02
7.960000000000000000e+02 3.710000000000000000e+02
8.010000000000000000e+02 3.400000000000000000e+02
8.100000000000000000e+02 3.160000000000000000e+02
8.160000000000000000e+02 3.030000000000000000e+02
8.190000000000000000e+02 2.770000000000000000e+02
8.230000000000000000e+02 2.560000000000000000e+02
8.280000000000000000e+02 2.380000000000000000e+02
8.320000000000000000e+02 2.220000000000000000e+02
8.370000000000000000e+02 2.080000000000000000e+02
8.440000000000000000e+02 1.970000000000000000e+02
8.460000000000000000e+02 1.840000000000000000e+02
8.480000000000000000e+02 1.730000000000000000e+02
8.540000000000000000e+02 1.660000000000000000e+02
8.630000000000000000e+02 1.490000000000000000e+02
8.660000000000000000e+02 1.410000000000000000e+02
8.680000000000000000e+02 1.290000000000000000e+02
8.760000000000000000e+02 1.210000000000000000e+02
8.770000000000000000e+02 1.050000000000000000e+02
8.800000000000000000e+02 1.010000000000000000e+02
8.850000000000000000e+02 9.700000000000000000e+01
8.900000000000000000e+02 9.400000000000000000e+01
8.930000000000000000e+02 9.100000000000000000e+01
8.950000000000000000e+02 8.600000000000000000e+01
8.980000000000000000e+02 8.100000000000000000e+01
9.030000000000000000e+02 7.700000000000000000e+01
9.080000000000000000e+02 7.000000000000000000e+01
9.110000000000000000e+02 6.800000000000000000e+01
9.160000000000000000e+02 6.500000000000000000e+01
9.210000000000000000e+02 6.500000000000000000e+01
9.220000000000000000e+02 6.000000000000000000e+01
9.300000000000000000e+02 5.500000000000000000e+01
9.320000000000000000e+02 5.200000000000000000e+01
9.360000000000000000e+02 4.800000000000000000e+01
9.380000000000000000e+02 4.600000000000000000e+01
9.400000000000000000e+02 4.300000000000000000e+01
9.430000000000000000e+02 4.100000000000000000e+01
9.470000000000000000e+02 3.900000000000000000e+01
9.500000000000000000e+02 3.800000000000000000e+01
9.500000000000000000e+02 3.800000000000000000e+01
9.520000000000000000e+02 3.600000000000000000e+01
9.560000000000000000e+02 3.400000000000000000e+01
9.570000000000000000e+02 3.200000000000000000e+01
9.600000000000000000e+02 3.000000000000000000e+01
9.640000000000000000e+02 3.000000000000000000e+01
9.650000000000000000e+02 2.900000000000000000e+01
9.650000000000000000e+02 2.700000000000000000e+01
9.660000000000000000e+02 2.600000000000000000e+01
9.680000000000000000e+02 2.400000000000000000e+01
9.700000000000000000e+02 2.100000000000000000e+01
9.700000000000000000e+02 2.000000000000000000e+01
9.710000000000000000e+02 2.000000000000000000e+01
9.740000000000000000e+02 1.900000000000000000e+01
9.750000000000000000e+02 1.800000000000000000e+01
9.750000000000000000e+02 1.800000000000000000e+01
9.770000000000000000e+02 1.800000000000000000e+01
9.780000000000000000e+02 1.800000000000000000e+01
9.780000000000000000e+02 1.700000000000000000e+01
9.790000000000000000e+02 1.500000000000000000e+01
9.800000000000000000e+02 1.500000000000000000e+01
9.810000000000000000e+02 1.400000000000000000e+01
9.860000000000000000e+02 1.400000000000000000e+01
9.890000000000000000e+02 1.300000000000000000e+01
9.910000000000000000e+02 1.300000000000000000e+01
9.920000000000000000e+02 1.200000000000000000e+01
9.930000000000000000e+02 1.100000000000000000e+01
9.960000000000000000e+02 1.000000000000000000e+01
9.990000000000000000e+02 1.000000000000000000e+01
9.990000000000000000e+02 9.000000000000000000e+00
1.000000000000000000e+03 9.000000000000000000e+00
1.002000000000000000e+03 8.000000000000000000e+00
1.004000000000000000e+03 6.000000000000000000e+00
1.006000000000000000e+03 6.000000000000000000e+00
1.006000000000000000e+03 5.000000000000000000e+00
1.007000000000000000e+03 5.000000000000000000e+00
1.007000000000000000e+03 5.000000000000000000e+00
1.008000000000000000e+03 4.000000000000000000e+00
1.008000000000000000e+03 3.000000000000000000e+00
1.010000000000000000e+03 3.000000000000000000e+00
1.011000000000000000e+03 2.000000000000000000e+00
1.011000000000000000e+03 2.000000000000000000e+00
