4.350000000000000000e+02 2.415000000000000000e+03
5.120000000000000000e+02 1.597000000000000000e+03
5.980000000000000000e+02 1.181000000000000000e+03
6.590000000000000000e+02 9.570000000000000000e+02
6.910000000000000000e+02 8.220000000000000000e+02
7.140000000000000000e+02 7.180000000000000000e+02
7.400000000000000000e+02 6.550000000000000000e+02
7.540000000000000000e+02 5.830000000000000000e+02
7.700000000000000000e+02 5.350000000000000000e+02
7.830000000000000000e+02 4.820000000000000000e+02
7.870000000000000000e+02 4.410000000000000000e+02
7.950000000000000000e+02 4.120000000000000000e+02
8.060000000000000000e+02 3.890000000000000000e+02
8.130000000000000000e+02 3.600000000000000000e+02
8.140000000000000000e+02 3.290000000000000000e+02
8.180000000000000000e+02 3.070000000000000000e+02
8.210000000000000000e+02 2.860000000000000000e+02
8.250000000000000000e+02 2.630000000000000000e+02
8.300000000000000000e+02 2.480000000000000000e+02
8.330000000000000000e+02 2.280000000000000000e+02
8.350000000000000000e+02 2.110000000000000000e+02
8.390000000000000000e+02 1.920000000000000000e+02
8.450000000000000000e+02 1.820000000000000000e+02
8.500000000000000000e+02 1.690000000000000000e+02
8.550000000000000000e+02 1.570000000000000000e+02
8.580000000000000000e+02 1.450000000000000000e+02
8.620000000000000000e+02 1.350000000000000000e+02
8.650000000000000000e+02 1.280000000000000000e+02
8.700000000000000000e+02 1.180000000000000000e+02
8.760000000000000000e+02 1.140000000000000000e+02
8.800000000000000000e+02 1.050000000000000000e+02
8.850000000000000000e+02 9.800000000000000000e+01
8.860000000000000000e+02 8.800000000000000000e+01
8.870000000000000000e+02 8.400000000000000000e+01
8.910000000000000000e+02 8.200000000000000000e+01
8.950000000000000000e+02 7.900000000000000000e+01
9.000000000000000000e+02 7.400000000000000000e+01
9.020000000000000000e+02 7.000000000000000000e+01
9.070000000000000000e+02 6.700000000000000000e+01
9.110000000000000000e+02 6.600000000000000000e+01
9.150000000000000000e+02 5.900000000000000000e+01
9.180000000000000000e+02 5.700000000000000000e+01
9.250000000000000000e+02 5.400000000000000000e+01
9.290000000000000000e+02 5.400000000000000000e+01
9.300000000000000000e+02 4.900000000000000000e+01
9.340000000000000000e+02 4.500000000000000000e+01
9.360000000000000000e+02 4.200000000000000000e+01
9.390000000000000000e+02 3.700000000000000000e+01
9.420000000000000000e+02 3.600000000000000000e+01
9.440000000000000000e+02 3.300000000000000000e+01
9.470000000000000000e+02 3.200000000000000000e+01
9.500000000000000000e+02 3.100000000000000000e+01
9.540000000000000000e+02 3.100000000000000000e+01
9.550000000000000000e+02 3.100000000000000000e+01
9.570000000000000000e+02 3.000000000000000000e+01
9.600000000000000000e+02 3.000000000000000000e+01
9.610000000000000000e+02 2.900000000000000000e+01
9.630000000000000000e+02 2.700000000000000000e+01
9.660000000000000000e+02 2.700000000000000000e+01
9.680000000000000000e+02 2.500000000000000000e+01
9.680000000000000000e+02 2.500000000000000000e+01
9.690000000000000000e+02 2.400000000000000000e+01
9.710000000000000000e+02 2.300000000000000000e+01
9.730000000000000000e+02 2.200000000000000000e+01
9.730000000000000000e+02 2.100000000000000000e+01
9.730000000000000000e+02 2.000000000000000000e+01
9.760000000000000000e+02 1.900000000000000000e+01
9.770000000000000000e+02 1.700000000000000000e+01
9.770000000000000000e+02 1.700000000000000000e+01
9.780000000000000000e+02 1.700000000000000000e+01
9.790000000000000000e+02 1.700000000000000000e+01
9.810000000000000000e+02 1.700000000000000000e+01
9.820000000000000000e+02 1.500000000000000000e+01
9.830000000000000000e+02 1.500000000000000000e+01
9.850000000000000000e+02 1.500000000000000000e+01
9.880000000000000000e+02 1.300000000000000000e+01
9.910000000000000000e+02 1.200000000000000000e+01
9.930000000000000000e+02 1.200000000000000000e+01
9.960000000000000000e+02 1.200000000000000000e+01
9.970000000000000000e+02 1.000000000000000000e+01
9.970000000000000000e+02 1.000000000000000000e+01
1.000000000000000000e+03 1.000000000000000000e+01
1.001000000000000000e+03 9.000000000000000000e+00
1.002000000000000000e+03 9.000000000000000000e+00
1.004000000000000000e+03 8.000000000000000000e+00
1.005000000000000000e+03 5.000000000000000000e+00
1.006000000000000000e+03 5.000000000000000000e+00
1.006000000000000000e+03 4.000000000000000000e+00
1.006000000000000000e+03 4.000000000000000000e+00
1.006000000000000000e+03 4.000000000000000000e+00
1.007000000000000000e+03 3.000000000000000000e+00
1.007000000000000000e+03 2.000000000000000000e+00
1.010000000000000000e+03 2.000000000000000000e+00
1.011000000000000000e+03 2.000000000000000000e+00
1.013000000000000000e+03 2.000000000000000000e+00
