3.200000000000000000e+02 6.075000000000000000e+03
3.520000000000000000e+02 4.216000000000000000e+03
3.830000000000000000e+02 3.029000000000000000e+03
4.210000000000000000e+02 2.212000000000000000e+03
4.670000000000000000e+02 1.665000000000000000e+03
5.100000000000000000e+02 1.330000000000000000e+03
5.630000000000000000e+02 1.077000000000000000e+03
6.030000000000000000e+02 9.320000000000000000e+02
6.400000000000000000e+02 8.030000000000000000e+02
6.620000000000000000e+02 6.910000000000000000e+02
6.730000000000000000e+02 6.250000000000000000e+02
6.910000000000000000e+02 5.690000000000000000e+02
7.100000000000000000e+02 5.230000000000000000e+02
7.280000000000000000e+02 4.800000000000000000e+02
7.390000000000000000e+02 4.370000000000000000e+02
7.550000000000000000e+02 4.000000000000000000e+02
7.680000000000000000e+02 3.760000000000000000e+02
7.850000000000000000e+02 3.530000000000000000e+02
7.910000000000000000e+02 3.230000000000000000e+02
7.960000000000000000e+02 2.940000000000000000e+02
8.050000000000000000e+02 2.810000000000000000e+02
8.100000000000000000e+02 2.610000000000000000e+02
8.150000000000000000e+02 2.450000000000000000e+02
8.250000000000000000e+02 2.320000000000000000e+02
8.290000000000000000e+02 2.090000000000000000e+02
8.330000000000000000e+02 1.970000000000000000e+02
8.400000000000000000e+02 1.840000000000000000e+02
8.460000000000000000e+02 1.700000000000000000e+02
8.520000000000000000e+02 1.540000000000000000e+02
8.550000000000000000e+02 1.440000000000000000e+02
8.590000000000000000e+02 1.310000000000000000e+02
8.650000000000000000e+02 1.220000000000000000e+02
8.680000000000000000e+02 1.150000000000000000e+02
8.720000000000000000e+02 1.050000000000000000e+02
8.740000000000000000e+02 9.800000000000000000e+01
8.790000000000000000e+02 8.800000000000000000e+01
8.830000000000000000e+02 7.600000000000000000e+01
8.850000000000000000e+02 7.300000000000000000e+01
8.870000000000000000e+02 6.300000000000000000e+01
8.900000000000000000e+02 5.900000000000000000e+01
8.940000000000000000e+02 5.600000000000000000e+01
9.000000000000000000e+02 5.400000000000000000e+01
9.070000000000000000e+02 5.300000000000000000e+01
9.110000000000000000e+02 5.000000000000000000e+01
9.130000000000000000e+02 4.400000000000000000e+01
9.180000000000000000e+02 4.100000000000000000e+01
9.220000000000000000e+02 3.600000000000000000e+01
9.270000000000000000e+02 3.200000000000000000e+01
9.290000000000000000e+02 3.200000000000000000e+01
9.330000000000000000e+02 3.100000000000000000e+01
9.380000000000000000e+02 2.700000000000000000e+01
9.470000000000000000e+02 2.400000000000000000e+01
9.490000000000000000e+02 2.200000000000000000e+01
9.510000000000000000e+02 1.900000000000000000e+01
9.530000000000000000e+02 1.700000000000000000e+01
9.560000000000000000e+02 1.700000000000000000e+01
9.590000000000000000e+02 1.600000000000000000e+01
9.610000000000000000e+02 1.600000000000000000e+01
9.660000000000000000e+02 1.600000000000000000e+01
9.680000000000000000e+02 1.500000000000000000e+01
9.680000000000000000e+02 1.200000000000000000e+01
9.720000000000000000e+02 1.100000000000000000e+01
9.750000000000000000e+02 1.100000000000000000e+01
9.780000000000000000e+02 1.100000000000000000e+01
9.780000000000000000e+02 1.000000000000000000e+01
9.790000000000000000e+02 1.000000000000000000e+01
9.800000000000000000e+02 1.000000000000000000e+01
9.800000000000000000e+02 1.000000000000000000e+01
9.800000000000000000e+02 1.000000000000000000e+01
9.810000000000000000e+02 9.000000000000000000e+00
9.820000000000000000e+02 9.000000000000000000e+00
9.820000000000000000e+02 9.000000000000000000e+00
9.820000000000000000e+02 9.000000000000000000e+00
9.860000000000000000e+02 9.000000000000000000e+00
9.880000000000000000e+02 9.000000000000000000e+00
9.930000000000000000e+02 9.000000000000000000e+00
9.940000000000000000e+02 8.000000000000000000e+00
9.970000000000000000e+02 8.000000000000000000e+00
1.000000000000000000e+03 6.000000000000000000e+00
1.001000000000000000e+03 6.000000000000000000e+00
1.002000000000000000e+03 5.000000000000000000e+00
1.003000000000000000e+03 4.000000000000000000e+00
1.004000000000000000e+03 4.000000000000000000e+00
1.004000000000000000e+03 3.000000000000000000e+00
1.006000000000000000e+03 2.000000000000000000e+00
1.007000000000000000e+03 1.000000000000000000e+00
1.008000000000000000e+03 1.000000000000000000e+00
1.010000000000000000e+03 0.000000000000000000e+00
1.010000000000000000e+03 0.000000000000000000e+00
1.010000000000000000e+03 0.000000000000000000e+00
1.011000000000000000e+03 0.000000000000000000e+00
1.014000000000000000e+03 0.000000000000000000e+00
1.015000000000000000e+03 0.000000000000000000e+00
1.016000000000000000e+03 0.000000000000000000e+00
1.016000000000000000e+03 0.000000000000000000e+00
