3.120000000000000000e+02 6.393000000000000000e+03
3.410000000000000000e+02 4.454000000000000000e+03
3.790000000000000000e+02 3.232000000000000000e+03
4.120000000000000000e+02 2.348000000000000000e+03
4.520000000000000000e+02 1.768000000000000000e+03
4.950000000000000000e+02 1.384000000000000000e+03
5.470000000000000000e+02 1.133000000000000000e+03
5.850000000000000000e+02 9.490000000000000000e+02
6.290000000000000000e+02 8.180000000000000000e+02
6.530000000000000000e+02 7.250000000000000000e+02
6.710000000000000000e+02 6.490000000000000000e+02
6.860000000000000000e+02 5.810000000000000000e+02
7.060000000000000000e+02 5.280000000000000000e+02
7.260000000000000000e+02 4.850000000000000000e+02
7.370000000000000000e+02 4.510000000000000000e+02
7.480000000000000000e+02 4.140000000000000000e+02
7.620000000000000000e+02 3.830000000000000000e+02
7.790000000000000000e+02 3.550000000000000000e+02
7.880000000000000000e+02 3.200000000000000000e+02
7.940000000000000000e+02 2.970000000000000000e+02
8.030000000000000000e+02 2.790000000000000000e+02
8.100000000000000000e+02 2.590000000000000000e+02
8.170000000000000000e+02 2.440000000000000000e+02
8.220000000000000000e+02 2.300000000000000000e+02
8.250000000000000000e+02 2.150000000000000000e+02
8.320000000000000000e+02 2.040000000000000000e+02
8.380000000000000000e+02 1.820000000000000000e+02
8.440000000000000000e+02 1.710000000000000000e+02
8.520000000000000000e+02 1.560000000000000000e+02
8.550000000000000000e+02 1.450000000000000000e+02
8.570000000000000000e+02 1.340000000000000000e+02
8.650000000000000000e+02 1.250000000000000000e+02
8.680000000000000000e+02 1.180000000000000000e+02
8.720000000000000000e+02 1.060000000000000000e+02
8.730000000000000000e+02 1.010000000000000000e+02
8.780000000000000000e+02 9.100000000000000000e+01
8.820000000000000000e+02 7.800000000000000000e+01
8.830000000000000000e+02 7.000000000000000000e+01
8.860000000000000000e+02 6.500000000000000000e+01
8.880000000000000000e+02 6.100000000000000000e+01
8.920000000000000000e+02 6.000000000000000000e+01
8.960000000000000000e+02 5.600000000000000000e+01
9.030000000000000000e+02 5.300000000000000000e+01
9.060000000000000000e+02 4.600000000000000000e+01
9.120000000000000000e+02 4.200000000000000000e+01
9.170000000000000000e+02 3.800000000000000000e+01
9.230000000000000000e+02 3.500000000000000000e+01
9.260000000000000000e+02 3.100000000000000000e+01
9.280000000000000000e+02 2.800000000000000000e+01
9.340000000000000000e+02 2.800000000000000000e+01
9.380000000000000000e+02 2.700000000000000000e+01
9.410000000000000000e+02 2.500000000000000000e+01
9.450000000000000000e+02 2.100000000000000000e+01
9.490000000000000000e+02 1.700000000000000000e+01
9.520000000000000000e+02 1.700000000000000000e+01
9.550000000000000000e+02 1.600000000000000000e+01
9.590000000000000000e+02 1.600000000000000000e+01
9.620000000000000000e+02 1.600000000000000000e+01
9.650000000000000000e+02 1.400000000000000000e+01
9.680000000000000000e+02 1.300000000000000000e+01
9.690000000000000000e+02 1.200000000000000000e+01
9.700000000000000000e+02 1.200000000000000000e+01
9.740000000000000000e+02 1.000000000000000000e+01
9.760000000000000000e+02 1.000000000000000000e+01
9.780000000000000000e+02 1.000000000000000000e+01
9.790000000000000000e+02 1.000000000000000000e+01
9.800000000000000000e+02 1.000000000000000000e+01
9.800000000000000000e+02 9.000000000000000000e+00
9.800000000000000000e+02 9.000000000000000000e+00
9.810000000000000000e+02 9.000000000000000000e+00
9.820000000000000000e+02 9.000000000000000000e+00
9.840000000000000000e+02 9.000000000000000000e+00
9.840000000000000000e+02 9.000000000000000000e+00
9.860000000000000000e+02 9.000000000000000000e+00
9.880000000000000000e+02 8.000000000000000000e+00
9.920000000000000000e+02 8.000000000000000000e+00
9.940000000000000000e+02 8.000000000000000000e+00
9.960000000000000000e+02 7.000000000000000000e+00
9.980000000000000000e+02 6.000000000000000000e+00
1.000000000000000000e+03 6.000000000000000000e+00
1.001000000000000000e+03 5.000000000000000000e+00
1.004000000000000000e+03 4.000000000000000000e+00
1.004000000000000000e+03 2.000000000000000000e+00
1.004000000000000000e+03 2.000000000000000000e+00
1.006000000000000000e+03 1.000000000000000000e+00
1.008000000000000000e+03 0.000000000000000000e+00
1.009000000000000000e+03 0.000000000000000000e+00
1.009000000000000000e+03 0.000000000000000000e+00
1.009000000000000000e+03 0.000000000000000000e+00
1.011000000000000000e+03 0.000000000000000000e+00
1.012000000000000000e+03 0.000000000000000000e+00
1.014000000000000000e+03 0.000000000000000000e+00
1.015000000000000000e+03 0.000000000000000000e+00
1.016000000000000000e+03 0.000000000000000000e+00
1.016000000000000000e+03 0.000000000000000000e+00
