5.810000000000000000e+02 1.299000000000000000e+03
8.210000000000000000e+02 2.770000000000000000e+02
8.600000000000000000e+02 5.500000000000000000e+01
9.200000000000000000e+02 5.000000000000000000e+00
9.580000000000000000e+02 2.000000000000000000e+00
9.840000000000000000e+02 0.000000000000000000e+00
1.001000000000000000e+03 0.000000000000000000e+00
1.014000000000000000e+03 0.000000000000000000e+00
1.024000000000000000e+03 0.000000000000000000e+00
1.030000000000000000e+03 0.000000000000000000e+00
