6.060000000000000000e+02 1.304000000000000000e+03
8.070000000000000000e+02 3.230000000000000000e+02
8.330000000000000000e+02 7.400000000000000000e+01
8.680000000000000000e+02 1.200000000000000000e+01
9.150000000000000000e+02 1.000000000000000000e+00
9.400000000000000000e+02 0.000000000000000000e+00
9.590000000000000000e+02 0.000000000000000000e+00
9.800000000000000000e+02 0.000000000000000000e+00
1.003000000000000000e+03 0.000000000000000000e+00
1.015000000000000000e+03 0.000000000000000000e+00
