5.460000000000000000e+02 1.544000000000000000e+03
8.380000000000000000e+02 4.620000000000000000e+02
8.940000000000000000e+02 2.200000000000000000e+02
9.380000000000000000e+02 1.030000000000000000e+02
9.810000000000000000e+02 5.400000000000000000e+01
1.001000000000000000e+03 2.100000000000000000e+01
1.026000000000000000e+03 1.400000000000000000e+01
1.039000000000000000e+03 7.000000000000000000e+00
1.054000000000000000e+03 4.000000000000000000e+00
1.059000000000000000e+03 4.000000000000000000e+00
