6.300000000000000000e+02 7.430000000000000000e+02
8.560000000000000000e+02 5.900000000000000000e+01
9.210000000000000000e+02 4.000000000000000000e+00
9.800000000000000000e+02 0.000000000000000000e+00
1.021000000000000000e+03 0.000000000000000000e+00
1.047000000000000000e+03 0.000000000000000000e+00
1.064000000000000000e+03 0.000000000000000000e+00
1.076000000000000000e+03 0.000000000000000000e+00
1.083000000000000000e+03 0.000000000000000000e+00
1.085000000000000000e+03 0.000000000000000000e+00
