3.580000000000000000e+02 5.630000000000000000e+03
7.210000000000000000e+02 8.950000000000000000e+02
8.350000000000000000e+02 5.230000000000000000e+02
8.760000000000000000e+02 3.440000000000000000e+02
8.950000000000000000e+02 2.360000000000000000e+02
9.280000000000000000e+02 1.650000000000000000e+02
9.510000000000000000e+02 1.160000000000000000e+02
9.670000000000000000e+02 8.300000000000000000e+01
9.810000000000000000e+02 6.200000000000000000e+01
9.940000000000000000e+02 4.100000000000000000e+01
