6.020000000000000000e+02 1.224000000000000000e+03
8.260000000000000000e+02 2.750000000000000000e+02
8.840000000000000000e+02 9.100000000000000000e+01
9.300000000000000000e+02 3.100000000000000000e+01
9.640000000000000000e+02 9.000000000000000000e+00
9.870000000000000000e+02 1.000000000000000000e+00
1.004000000000000000e+03 0.000000000000000000e+00
1.018000000000000000e+03 0.000000000000000000e+00
1.031000000000000000e+03 0.000000000000000000e+00
1.036000000000000000e+03 0.000000000000000000e+00
