7.240000000000000000e+02 8.420000000000000000e+02
8.580000000000000000e+02 1.100000000000000000e+02
9.480000000000000000e+02 8.000000000000000000e+00
1.015000000000000000e+03 0.000000000000000000e+00
1.055000000000000000e+03 0.000000000000000000e+00
1.072000000000000000e+03 0.000000000000000000e+00
1.080000000000000000e+03 0.000000000000000000e+00
1.086000000000000000e+03 0.000000000000000000e+00
1.088000000000000000e+03 0.000000000000000000e+00
1.088000000000000000e+03 0.000000000000000000e+00
