4.840000000000000000e+02 2.075000000000000000e+03
8.170000000000000000e+02 4.020000000000000000e+02
8.500000000000000000e+02 1.780000000000000000e+02
8.870000000000000000e+02 8.600000000000000000e+01
9.240000000000000000e+02 3.200000000000000000e+01
9.540000000000000000e+02 1.600000000000000000e+01
9.870000000000000000e+02 6.000000000000000000e+00
1.003000000000000000e+03 4.000000000000000000e+00
1.018000000000000000e+03 2.000000000000000000e+00
1.036000000000000000e+03 0.000000000000000000e+00
