5.950000000000000000e+02 1.280000000000000000e+03
8.270000000000000000e+02 2.530000000000000000e+02
8.830000000000000000e+02 8.700000000000000000e+01
9.450000000000000000e+02 3.300000000000000000e+01
9.830000000000000000e+02 1.300000000000000000e+01
1.009000000000000000e+03 4.000000000000000000e+00
1.035000000000000000e+03 1.000000000000000000e+00
1.046000000000000000e+03 0.000000000000000000e+00
1.053000000000000000e+03 0.000000000000000000e+00
1.058000000000000000e+03 0.000000000000000000e+00
