4.960000000000000000e+02 2.454000000000000000e+03
8.420000000000000000e+02 2.370000000000000000e+02
9.120000000000000000e+02 9.300000000000000000e+01
9.720000000000000000e+02 5.500000000000000000e+01
1.010000000000000000e+03 3.200000000000000000e+01
1.035000000000000000e+03 2.000000000000000000e+01
1.055000000000000000e+03 1.200000000000000000e+01
1.068000000000000000e+03 1.000000000000000000e+01
1.072000000000000000e+03 6.000000000000000000e+00
1.078000000000000000e+03 6.000000000000000000e+00
