5.440000000000000000e+02 1.798000000000000000e+03
7.990000000000000000e+02 5.400000000000000000e+02
8.330000000000000000e+02 2.710000000000000000e+02
8.710000000000000000e+02 1.330000000000000000e+02
9.040000000000000000e+02 8.000000000000000000e+01
9.390000000000000000e+02 5.100000000000000000e+01
9.540000000000000000e+02 3.100000000000000000e+01
9.760000000000000000e+02 2.700000000000000000e+01
9.990000000000000000e+02 2.300000000000000000e+01
1.016000000000000000e+03 1.700000000000000000e+01
