6.440000000000000000e+02 1.243000000000000000e+03
7.980000000000000000e+02 2.640000000000000000e+02
8.260000000000000000e+02 6.100000000000000000e+01
8.550000000000000000e+02 1.200000000000000000e+01
8.840000000000000000e+02 0.000000000000000000e+00
9.160000000000000000e+02 0.000000000000000000e+00
9.390000000000000000e+02 0.000000000000000000e+00
9.600000000000000000e+02 0.000000000000000000e+00
9.760000000000000000e+02 0.000000000000000000e+00
9.920000000000000000e+02 0.000000000000000000e+00
