4.670000000000000000e+02 3.002000000000000000e+03
8.010000000000000000e+02 4.070000000000000000e+02
8.260000000000000000e+02 1.510000000000000000e+02
8.570000000000000000e+02 6.200000000000000000e+01
8.840000000000000000e+02 1.600000000000000000e+01
9.120000000000000000e+02 4.000000000000000000e+00
9.420000000000000000e+02 0.000000000000000000e+00
9.660000000000000000e+02 0.000000000000000000e+00
9.840000000000000000e+02 0.000000000000000000e+00
1.001000000000000000e+03 0.000000000000000000e+00
