5.660000000000000000e+02 9.730000000000000000e+02
8.320000000000000000e+02 1.180000000000000000e+02
8.820000000000000000e+02 2.500000000000000000e+01
9.170000000000000000e+02 4.000000000000000000e+00
9.580000000000000000e+02 0.000000000000000000e+00
9.890000000000000000e+02 0.000000000000000000e+00
1.008000000000000000e+03 0.000000000000000000e+00
1.021000000000000000e+03 0.000000000000000000e+00
1.029000000000000000e+03 0.000000000000000000e+00
1.037000000000000000e+03 0.000000000000000000e+00
