4.120000000000000000e+02 3.622000000000000000e+03
7.590000000000000000e+02 4.210000000000000000e+02
8.670000000000000000e+02 1.860000000000000000e+02
9.130000000000000000e+02 9.700000000000000000e+01
9.500000000000000000e+02 5.100000000000000000e+01
9.820000000000000000e+02 3.100000000000000000e+01
1.003000000000000000e+03 2.000000000000000000e+01
1.018000000000000000e+03 1.300000000000000000e+01
1.032000000000000000e+03 9.000000000000000000e+00
1.046000000000000000e+03 4.000000000000000000e+00
