4.090000000000000000e+02 3.364000000000000000e+03
7.880000000000000000e+02 7.250000000000000000e+02
8.220000000000000000e+02 4.430000000000000000e+02
8.590000000000000000e+02 2.590000000000000000e+02
8.980000000000000000e+02 1.570000000000000000e+02
9.310000000000000000e+02 8.900000000000000000e+01
9.510000000000000000e+02 4.100000000000000000e+01
9.720000000000000000e+02 1.700000000000000000e+01
9.990000000000000000e+02 6.000000000000000000e+00
1.018000000000000000e+03 2.000000000000000000e+00
