4.640000000000000000e+02 3.260000000000000000e+03
8.300000000000000000e+02 3.370000000000000000e+02
8.840000000000000000e+02 1.480000000000000000e+02
9.300000000000000000e+02 7.200000000000000000e+01
9.740000000000000000e+02 3.200000000000000000e+01
1.009000000000000000e+03 1.300000000000000000e+01
1.032000000000000000e+03 5.000000000000000000e+00
1.051000000000000000e+03 1.000000000000000000e+00
1.067000000000000000e+03 0.000000000000000000e+00
1.071000000000000000e+03 0.000000000000000000e+00
