5.620000000000000000e+02 1.245000000000000000e+03
8.270000000000000000e+02 1.870000000000000000e+02
8.820000000000000000e+02 3.900000000000000000e+01
9.480000000000000000e+02 3.000000000000000000e+00
9.970000000000000000e+02 0.000000000000000000e+00
1.021000000000000000e+03 0.000000000000000000e+00
1.040000000000000000e+03 0.000000000000000000e+00
1.048000000000000000e+03 0.000000000000000000e+00
1.053000000000000000e+03 0.000000000000000000e+00
1.062000000000000000e+03 0.000000000000000000e+00
