5.510000000000000000e+02 1.388000000000000000e+03
8.070000000000000000e+02 2.010000000000000000e+02
8.400000000000000000e+02 4.600000000000000000e+01
8.790000000000000000e+02 6.000000000000000000e+00
9.130000000000000000e+02 0.000000000000000000e+00
9.450000000000000000e+02 0.000000000000000000e+00
9.630000000000000000e+02 0.000000000000000000e+00
9.880000000000000000e+02 0.000000000000000000e+00
1.000000000000000000e+03 0.000000000000000000e+00
1.011000000000000000e+03 0.000000000000000000e+00
