4.000000000000000000e+02 2.780000000000000000e+03
7.930000000000000000e+02 6.130000000000000000e+02
8.460000000000000000e+02 3.360000000000000000e+02
8.970000000000000000e+02 1.850000000000000000e+02
9.350000000000000000e+02 1.070000000000000000e+02
9.700000000000000000e+02 5.800000000000000000e+01
9.930000000000000000e+02 2.400000000000000000e+01
1.013000000000000000e+03 1.200000000000000000e+01
1.032000000000000000e+03 2.000000000000000000e+00
1.054000000000000000e+03 0.000000000000000000e+00
