4.770000000000000000e+02 1.809000000000000000e+03
8.230000000000000000e+02 4.520000000000000000e+02
8.670000000000000000e+02 2.330000000000000000e+02
9.120000000000000000e+02 1.300000000000000000e+02
9.580000000000000000e+02 7.500000000000000000e+01
9.760000000000000000e+02 3.900000000000000000e+01
9.990000000000000000e+02 1.800000000000000000e+01
1.022000000000000000e+03 9.000000000000000000e+00
1.036000000000000000e+03 8.000000000000000000e+00
1.041000000000000000e+03 5.000000000000000000e+00
