5.620000000000000000e+02 1.827000000000000000e+03
7.990000000000000000e+02 6.760000000000000000e+02
8.210000000000000000e+02 3.330000000000000000e+02
8.480000000000000000e+02 2.240000000000000000e+02
8.710000000000000000e+02 1.580000000000000000e+02
8.960000000000000000e+02 1.120000000000000000e+02
9.180000000000000000e+02 8.600000000000000000e+01
9.530000000000000000e+02 6.100000000000000000e+01
9.760000000000000000e+02 4.000000000000000000e+01
9.930000000000000000e+02 2.500000000000000000e+01
