6.620000000000000000e+02 1.150000000000000000e+03
8.200000000000000000e+02 2.520000000000000000e+02
8.720000000000000000e+02 4.400000000000000000e+01
9.100000000000000000e+02 1.100000000000000000e+01
9.450000000000000000e+02 0.000000000000000000e+00
9.780000000000000000e+02 0.000000000000000000e+00
9.960000000000000000e+02 0.000000000000000000e+00
1.012000000000000000e+03 0.000000000000000000e+00
1.023000000000000000e+03 0.000000000000000000e+00
1.034000000000000000e+03 0.000000000000000000e+00
