5.540000000000000000e+02 1.529000000000000000e+03
8.190000000000000000e+02 4.690000000000000000e+02
8.480000000000000000e+02 2.170000000000000000e+02
8.870000000000000000e+02 1.310000000000000000e+02
9.110000000000000000e+02 7.600000000000000000e+01
9.410000000000000000e+02 4.800000000000000000e+01
9.570000000000000000e+02 3.100000000000000000e+01
9.720000000000000000e+02 2.000000000000000000e+01
9.890000000000000000e+02 1.600000000000000000e+01
1.005000000000000000e+03 1.100000000000000000e+01
