4.600000000000000000e+02 2.474000000000000000e+03
8.080000000000000000e+02 4.760000000000000000e+02
8.500000000000000000e+02 1.860000000000000000e+02
9.000000000000000000e+02 6.800000000000000000e+01
9.390000000000000000e+02 3.200000000000000000e+01
9.770000000000000000e+02 5.000000000000000000e+00
1.013000000000000000e+03 1.000000000000000000e+00
1.038000000000000000e+03 1.000000000000000000e+00
1.048000000000000000e+03 0.000000000000000000e+00
1.056000000000000000e+03 0.000000000000000000e+00
