5.930000000000000000e+02 1.229000000000000000e+03
8.040000000000000000e+02 2.400000000000000000e+02
8.310000000000000000e+02 4.900000000000000000e+01
8.510000000000000000e+02 7.000000000000000000e+00
8.830000000000000000e+02 0.000000000000000000e+00
9.130000000000000000e+02 0.000000000000000000e+00
9.340000000000000000e+02 0.000000000000000000e+00
9.540000000000000000e+02 0.000000000000000000e+00
9.770000000000000000e+02 0.000000000000000000e+00
9.920000000000000000e+02 0.000000000000000000e+00
