5.940000000000000000e+02 1.335000000000000000e+03
8.270000000000000000e+02 2.840000000000000000e+02
8.810000000000000000e+02 7.100000000000000000e+01
9.440000000000000000e+02 8.000000000000000000e+00
9.900000000000000000e+02 1.000000000000000000e+00
1.032000000000000000e+03 0.000000000000000000e+00
1.045000000000000000e+03 0.000000000000000000e+00
1.057000000000000000e+03 0.000000000000000000e+00
1.063000000000000000e+03 0.000000000000000000e+00
1.071000000000000000e+03 0.000000000000000000e+00
