5.430000000000000000e+02 1.582000000000000000e+03
8.350000000000000000e+02 3.790000000000000000e+02
9.000000000000000000e+02 1.520000000000000000e+02
9.480000000000000000e+02 8.000000000000000000e+01
9.840000000000000000e+02 4.400000000000000000e+01
1.019000000000000000e+03 2.500000000000000000e+01
1.040000000000000000e+03 1.400000000000000000e+01
1.058000000000000000e+03 7.000000000000000000e+00
1.065000000000000000e+03 6.000000000000000000e+00
1.071000000000000000e+03 3.000000000000000000e+00
