4.770000000000000000e+02 1.907000000000000000e+03
8.430000000000000000e+02 1.260000000000000000e+02
9.380000000000000000e+02 3.000000000000000000e+00
9.980000000000000000e+02 0.000000000000000000e+00
1.034000000000000000e+03 0.000000000000000000e+00
1.066000000000000000e+03 0.000000000000000000e+00
1.083000000000000000e+03 0.000000000000000000e+00
1.087000000000000000e+03 0.000000000000000000e+00
1.091000000000000000e+03 0.000000000000000000e+00
1.092000000000000000e+03 0.000000000000000000e+00
