3.980000000000000000e+02 3.635000000000000000e+03
8.070000000000000000e+02 3.750000000000000000e+02
8.640000000000000000e+02 1.150000000000000000e+02
9.190000000000000000e+02 2.300000000000000000e+01
9.780000000000000000e+02 0.000000000000000000e+00
1.008000000000000000e+03 0.000000000000000000e+00
1.031000000000000000e+03 0.000000000000000000e+00
1.044000000000000000e+03 0.000000000000000000e+00
1.058000000000000000e+03 0.000000000000000000e+00
1.068000000000000000e+03 0.000000000000000000e+00
