5.080000000000000000e+02 1.902000000000000000e+03
8.050000000000000000e+02 3.680000000000000000e+02
8.290000000000000000e+02 1.580000000000000000e+02
8.620000000000000000e+02 7.900000000000000000e+01
8.880000000000000000e+02 4.000000000000000000e+01
9.230000000000000000e+02 2.000000000000000000e+01
9.530000000000000000e+02 2.000000000000000000e+00
9.730000000000000000e+02 0.000000000000000000e+00
9.890000000000000000e+02 0.000000000000000000e+00
1.009000000000000000e+03 0.000000000000000000e+00
