4.090000000000000000e+02 3.840000000000000000e+03
8.140000000000000000e+02 6.990000000000000000e+02
8.570000000000000000e+02 3.960000000000000000e+02
8.910000000000000000e+02 2.500000000000000000e+02
9.280000000000000000e+02 1.680000000000000000e+02
9.610000000000000000e+02 1.140000000000000000e+02
9.840000000000000000e+02 8.200000000000000000e+01
9.970000000000000000e+02 5.600000000000000000e+01
1.016000000000000000e+03 3.100000000000000000e+01
1.027000000000000000e+03 1.400000000000000000e+01
