4.160000000000000000e+02 2.890000000000000000e+03
7.940000000000000000e+02 5.360000000000000000e+02
8.300000000000000000e+02 2.860000000000000000e+02
8.800000000000000000e+02 1.600000000000000000e+02
9.210000000000000000e+02 9.500000000000000000e+01
9.540000000000000000e+02 4.300000000000000000e+01
9.900000000000000000e+02 1.100000000000000000e+01
1.012000000000000000e+03 7.000000000000000000e+00
1.031000000000000000e+03 2.000000000000000000e+00
1.046000000000000000e+03 2.000000000000000000e+00
