6.370000000000000000e+02 1.437000000000000000e+03
8.140000000000000000e+02 4.210000000000000000e+02
8.700000000000000000e+02 1.460000000000000000e+02
9.250000000000000000e+02 5.000000000000000000e+01
9.790000000000000000e+02 9.000000000000000000e+00
1.017000000000000000e+03 0.000000000000000000e+00
1.040000000000000000e+03 0.000000000000000000e+00
1.056000000000000000e+03 0.000000000000000000e+00
1.064000000000000000e+03 0.000000000000000000e+00
1.071000000000000000e+03 0.000000000000000000e+00
