4.440000000000000000e+02 3.163000000000000000e+03
7.550000000000000000e+02 4.350000000000000000e+02
8.760000000000000000e+02 2.310000000000000000e+02
9.270000000000000000e+02 1.410000000000000000e+02
9.630000000000000000e+02 7.900000000000000000e+01
1.002000000000000000e+03 4.900000000000000000e+01
1.023000000000000000e+03 3.300000000000000000e+01
1.030000000000000000e+03 1.800000000000000000e+01
1.043000000000000000e+03 1.000000000000000000e+01
1.055000000000000000e+03 9.000000000000000000e+00
