5.240000000000000000e+02 1.496000000000000000e+03
8.100000000000000000e+02 2.310000000000000000e+02
8.550000000000000000e+02 5.000000000000000000e+01
9.010000000000000000e+02 7.000000000000000000e+00
9.380000000000000000e+02 0.000000000000000000e+00
9.720000000000000000e+02 0.000000000000000000e+00
9.900000000000000000e+02 0.000000000000000000e+00
1.007000000000000000e+03 0.000000000000000000e+00
1.019000000000000000e+03 0.000000000000000000e+00
1.035000000000000000e+03 0.000000000000000000e+00
