5.400000000000000000e+02 1.891000000000000000e+03
8.090000000000000000e+02 7.650000000000000000e+02
8.410000000000000000e+02 4.300000000000000000e+02
8.770000000000000000e+02 2.390000000000000000e+02
8.980000000000000000e+02 1.410000000000000000e+02
9.200000000000000000e+02 9.800000000000000000e+01
9.380000000000000000e+02 6.100000000000000000e+01
9.580000000000000000e+02 4.300000000000000000e+01
9.760000000000000000e+02 3.200000000000000000e+01
9.930000000000000000e+02 2.900000000000000000e+01
