3.530000000000000000e+02 4.236000000000000000e+03
7.600000000000000000e+02 7.850000000000000000e+02
8.230000000000000000e+02 4.560000000000000000e+02
8.370000000000000000e+02 3.100000000000000000e+02
8.650000000000000000e+02 2.080000000000000000e+02
8.970000000000000000e+02 1.280000000000000000e+02
9.260000000000000000e+02 8.600000000000000000e+01
9.550000000000000000e+02 5.800000000000000000e+01
9.700000000000000000e+02 3.100000000000000000e+01
9.900000000000000000e+02 1.800000000000000000e+01
