5.400000000000000000e+02 1.559000000000000000e+03
8.440000000000000000e+02 3.700000000000000000e+02
9.070000000000000000e+02 1.860000000000000000e+02
9.630000000000000000e+02 9.600000000000000000e+01
9.920000000000000000e+02 6.300000000000000000e+01
1.017000000000000000e+03 3.700000000000000000e+01
1.036000000000000000e+03 2.000000000000000000e+01
1.050000000000000000e+03 1.500000000000000000e+01
1.063000000000000000e+03 7.000000000000000000e+00
1.072000000000000000e+03 5.000000000000000000e+00
