3.370000000000000000e+02 4.613000000000000000e+03
7.690000000000000000e+02 6.000000000000000000e+02
8.670000000000000000e+02 3.200000000000000000e+02
9.170000000000000000e+02 1.950000000000000000e+02
9.480000000000000000e+02 1.040000000000000000e+02
9.760000000000000000e+02 6.100000000000000000e+01
9.990000000000000000e+02 3.500000000000000000e+01
1.011000000000000000e+03 1.800000000000000000e+01
1.033000000000000000e+03 7.000000000000000000e+00
1.049000000000000000e+03 3.000000000000000000e+00
