4.760000000000000000e+02 3.270000000000000000e+03
8.070000000000000000e+02 4.850000000000000000e+02
8.420000000000000000e+02 2.210000000000000000e+02
8.750000000000000000e+02 1.300000000000000000e+02
9.180000000000000000e+02 6.900000000000000000e+01
9.490000000000000000e+02 3.500000000000000000e+01
9.880000000000000000e+02 2.000000000000000000e+01
1.010000000000000000e+03 9.000000000000000000e+00
1.031000000000000000e+03 4.000000000000000000e+00
1.047000000000000000e+03 2.000000000000000000e+00
