6.480000000000000000e+02 9.150000000000000000e+02
8.460000000000000000e+02 1.100000000000000000e+02
9.260000000000000000e+02 3.000000000000000000e+00
9.890000000000000000e+02 0.000000000000000000e+00
1.030000000000000000e+03 0.000000000000000000e+00
1.056000000000000000e+03 0.000000000000000000e+00
1.071000000000000000e+03 0.000000000000000000e+00
1.081000000000000000e+03 0.000000000000000000e+00
1.088000000000000000e+03 0.000000000000000000e+00
1.089000000000000000e+03 0.000000000000000000e+00
