5.180000000000000000e+02 1.759000000000000000e+03
8.010000000000000000e+02 5.900000000000000000e+02
8.150000000000000000e+02 3.940000000000000000e+02
8.370000000000000000e+02 2.630000000000000000e+02
8.530000000000000000e+02 1.720000000000000000e+02
8.710000000000000000e+02 1.140000000000000000e+02
8.970000000000000000e+02 7.400000000000000000e+01
9.260000000000000000e+02 4.300000000000000000e+01
9.560000000000000000e+02 2.500000000000000000e+01
9.890000000000000000e+02 1.800000000000000000e+01
