4.910000000000000000e+02 2.133000000000000000e+03
8.050000000000000000e+02 6.140000000000000000e+02
8.640000000000000000e+02 2.650000000000000000e+02
9.240000000000000000e+02 1.110000000000000000e+02
9.790000000000000000e+02 5.300000000000000000e+01
1.009000000000000000e+03 2.300000000000000000e+01
1.030000000000000000e+03 8.000000000000000000e+00
1.055000000000000000e+03 5.000000000000000000e+00
1.072000000000000000e+03 1.000000000000000000e+00
1.078000000000000000e+03 0.000000000000000000e+00
