4.810000000000000000e+02 1.911000000000000000e+03
8.100000000000000000e+02 4.170000000000000000e+02
8.590000000000000000e+02 2.080000000000000000e+02
9.150000000000000000e+02 1.140000000000000000e+02
9.600000000000000000e+02 5.500000000000000000e+01
9.940000000000000000e+02 2.500000000000000000e+01
1.021000000000000000e+03 9.000000000000000000e+00
1.046000000000000000e+03 3.000000000000000000e+00
1.054000000000000000e+03 1.000000000000000000e+00
1.063000000000000000e+03 0.000000000000000000e+00
