6.200000000000000000e+02 1.113000000000000000e+03
8.250000000000000000e+02 3.200000000000000000e+02
8.770000000000000000e+02 1.430000000000000000e+02
9.270000000000000000e+02 5.500000000000000000e+01
9.660000000000000000e+02 1.700000000000000000e+01
9.980000000000000000e+02 4.000000000000000000e+00
1.026000000000000000e+03 0.000000000000000000e+00
1.037000000000000000e+03 0.000000000000000000e+00
1.042000000000000000e+03 0.000000000000000000e+00
1.048000000000000000e+03 0.000000000000000000e+00
