2.890000000000000000e+02 9.535000000000000000e+03
6.080000000000000000e+02 7.980000000000000000e+02
8.170000000000000000e+02 2.720000000000000000e+02
8.880000000000000000e+02 1.250000000000000000e+02
9.280000000000000000e+02 5.200000000000000000e+01
9.740000000000000000e+02 1.300000000000000000e+01
1.006000000000000000e+03 5.000000000000000000e+00
1.023000000000000000e+03 1.000000000000000000e+00
1.035000000000000000e+03 0.000000000000000000e+00
1.041000000000000000e+03 0.000000000000000000e+00
