5.060000000000000000e+02 2.005000000000000000e+03
8.200000000000000000e+02 3.710000000000000000e+02
8.640000000000000000e+02 1.780000000000000000e+02
9.060000000000000000e+02 9.800000000000000000e+01
9.370000000000000000e+02 6.000000000000000000e+01
9.720000000000000000e+02 4.200000000000000000e+01
9.970000000000000000e+02 2.400000000000000000e+01
1.013000000000000000e+03 1.800000000000000000e+01
1.021000000000000000e+03 1.300000000000000000e+01
1.038000000000000000e+03 1.000000000000000000e+01
