4.450000000000000000e+02 2.123000000000000000e+03
8.220000000000000000e+02 3.570000000000000000e+02
8.730000000000000000e+02 1.220000000000000000e+02
9.320000000000000000e+02 4.000000000000000000e+01
9.740000000000000000e+02 6.000000000000000000e+00
1.007000000000000000e+03 0.000000000000000000e+00
1.029000000000000000e+03 0.000000000000000000e+00
1.044000000000000000e+03 0.000000000000000000e+00
1.055000000000000000e+03 0.000000000000000000e+00
1.065000000000000000e+03 0.000000000000000000e+00
