4.860000000000000000e+02 1.406000000000000000e+03
8.380000000000000000e+02 3.170000000000000000e+02
8.880000000000000000e+02 1.590000000000000000e+02
9.470000000000000000e+02 9.600000000000000000e+01
9.840000000000000000e+02 5.500000000000000000e+01
1.011000000000000000e+03 3.500000000000000000e+01
1.033000000000000000e+03 1.700000000000000000e+01
1.045000000000000000e+03 1.100000000000000000e+01
1.056000000000000000e+03 7.000000000000000000e+00
1.064000000000000000e+03 7.000000000000000000e+00
