5.010000000000000000e+02 1.684000000000000000e+03
8.150000000000000000e+02 3.210000000000000000e+02
8.720000000000000000e+02 8.700000000000000000e+01
9.210000000000000000e+02 1.800000000000000000e+01
9.700000000000000000e+02 2.000000000000000000e+00
1.003000000000000000e+03 0.000000000000000000e+00
1.022000000000000000e+03 0.000000000000000000e+00
1.039000000000000000e+03 0.000000000000000000e+00
1.048000000000000000e+03 0.000000000000000000e+00
1.053000000000000000e+03 0.000000000000000000e+00
