3.440000000000000000e+02 7.152000000000000000e+03
7.370000000000000000e+02 6.500000000000000000e+02
8.150000000000000000e+02 3.050000000000000000e+02
8.410000000000000000e+02 1.490000000000000000e+02
8.950000000000000000e+02 4.900000000000000000e+01
9.450000000000000000e+02 6.000000000000000000e+00
9.930000000000000000e+02 0.000000000000000000e+00
1.016000000000000000e+03 0.000000000000000000e+00
1.030000000000000000e+03 0.000000000000000000e+00
1.040000000000000000e+03 0.000000000000000000e+00
