3.270000000000000000e+02 5.876000000000000000e+03
7.090000000000000000e+02 9.430000000000000000e+02
8.180000000000000000e+02 5.430000000000000000e+02
8.480000000000000000e+02 3.670000000000000000e+02
8.880000000000000000e+02 2.380000000000000000e+02
9.150000000000000000e+02 1.530000000000000000e+02
9.390000000000000000e+02 1.050000000000000000e+02
9.650000000000000000e+02 7.200000000000000000e+01
9.800000000000000000e+02 4.300000000000000000e+01
9.960000000000000000e+02 2.400000000000000000e+01
