4.600000000000000000e+02 2.330000000000000000e+03
8.100000000000000000e+02 4.420000000000000000e+02
8.440000000000000000e+02 2.070000000000000000e+02
8.670000000000000000e+02 9.200000000000000000e+01
9.060000000000000000e+02 4.500000000000000000e+01
9.360000000000000000e+02 1.800000000000000000e+01
9.620000000000000000e+02 1.000000000000000000e+01
9.890000000000000000e+02 4.000000000000000000e+00
1.007000000000000000e+03 3.000000000000000000e+00
1.026000000000000000e+03 2.000000000000000000e+00
