3.840000000000000000e+02 2.735000000000000000e+03
7.860000000000000000e+02 5.900000000000000000e+02
8.170000000000000000e+02 3.710000000000000000e+02
8.360000000000000000e+02 2.690000000000000000e+02
8.580000000000000000e+02 1.900000000000000000e+02
8.890000000000000000e+02 1.310000000000000000e+02
9.080000000000000000e+02 9.800000000000000000e+01
9.290000000000000000e+02 6.700000000000000000e+01
9.560000000000000000e+02 5.500000000000000000e+01
9.810000000000000000e+02 3.300000000000000000e+01
