3.790000000000000000e+02 3.809000000000000000e+03
7.700000000000000000e+02 7.700000000000000000e+02
8.150000000000000000e+02 4.670000000000000000e+02
8.420000000000000000e+02 2.880000000000000000e+02
8.690000000000000000e+02 1.850000000000000000e+02
8.930000000000000000e+02 1.200000000000000000e+02
9.250000000000000000e+02 6.300000000000000000e+01
9.530000000000000000e+02 3.300000000000000000e+01
9.760000000000000000e+02 1.800000000000000000e+01
9.910000000000000000e+02 1.200000000000000000e+01
