4.540000000000000000e+02 2.202000000000000000e+03
8.060000000000000000e+02 3.540000000000000000e+02
8.290000000000000000e+02 1.420000000000000000e+02
8.570000000000000000e+02 5.500000000000000000e+01
8.850000000000000000e+02 1.900000000000000000e+01
9.280000000000000000e+02 7.000000000000000000e+00
9.540000000000000000e+02 0.000000000000000000e+00
9.730000000000000000e+02 0.000000000000000000e+00
9.870000000000000000e+02 0.000000000000000000e+00
1.005000000000000000e+03 0.000000000000000000e+00
