4.300000000000000000e+02 2.609000000000000000e+03
8.220000000000000000e+02 4.200000000000000000e+02
8.860000000000000000e+02 1.630000000000000000e+02
9.380000000000000000e+02 5.200000000000000000e+01
9.800000000000000000e+02 1.200000000000000000e+01
1.017000000000000000e+03 3.000000000000000000e+00
1.043000000000000000e+03 0.000000000000000000e+00
1.066000000000000000e+03 0.000000000000000000e+00
1.073000000000000000e+03 0.000000000000000000e+00
1.079000000000000000e+03 0.000000000000000000e+00
