5.590000000000000000e+02 1.286000000000000000e+03
8.180000000000000000e+02 1.870000000000000000e+02
8.640000000000000000e+02 3.300000000000000000e+01
9.130000000000000000e+02 5.000000000000000000e+00
9.570000000000000000e+02 0.000000000000000000e+00
9.960000000000000000e+02 0.000000000000000000e+00
1.008000000000000000e+03 0.000000000000000000e+00
1.021000000000000000e+03 0.000000000000000000e+00
1.039000000000000000e+03 0.000000000000000000e+00
1.046000000000000000e+03 0.000000000000000000e+00
