6.340000000000000000e+02 1.482000000000000000e+03
8.120000000000000000e+02 5.850000000000000000e+02
8.370000000000000000e+02 2.770000000000000000e+02
8.830000000000000000e+02 1.620000000000000000e+02
9.100000000000000000e+02 9.300000000000000000e+01
9.370000000000000000e+02 6.500000000000000000e+01
9.670000000000000000e+02 4.500000000000000000e+01
9.890000000000000000e+02 2.600000000000000000e+01
1.005000000000000000e+03 1.600000000000000000e+01
1.021000000000000000e+03 8.000000000000000000e+00
