5.110000000000000000e+02 2.048000000000000000e+03
8.060000000000000000e+02 4.180000000000000000e+02
8.400000000000000000e+02 2.020000000000000000e+02
8.780000000000000000e+02 1.060000000000000000e+02
9.220000000000000000e+02 6.600000000000000000e+01
9.640000000000000000e+02 3.600000000000000000e+01
9.920000000000000000e+02 1.900000000000000000e+01
1.010000000000000000e+03 1.400000000000000000e+01
1.031000000000000000e+03 5.000000000000000000e+00
1.045000000000000000e+03 2.000000000000000000e+00
