3.790000000000000000e+02 2.795000000000000000e+03
8.020000000000000000e+02 4.780000000000000000e+02
8.630000000000000000e+02 3.200000000000000000e+02
8.940000000000000000e+02 2.180000000000000000e+02
9.210000000000000000e+02 1.570000000000000000e+02
9.430000000000000000e+02 1.060000000000000000e+02
9.630000000000000000e+02 7.800000000000000000e+01
9.790000000000000000e+02 5.800000000000000000e+01
9.950000000000000000e+02 4.300000000000000000e+01
1.016000000000000000e+03 2.900000000000000000e+01
