6.110000000000000000e+02 1.030000000000000000e+03
8.180000000000000000e+02 1.550000000000000000e+02
8.610000000000000000e+02 2.700000000000000000e+01
9.040000000000000000e+02 1.000000000000000000e+00
9.430000000000000000e+02 0.000000000000000000e+00
9.690000000000000000e+02 0.000000000000000000e+00
9.830000000000000000e+02 0.000000000000000000e+00
1.001000000000000000e+03 0.000000000000000000e+00
1.014000000000000000e+03 0.000000000000000000e+00
1.026000000000000000e+03 0.000000000000000000e+00
