5.690000000000000000e+02 1.557000000000000000e+03
8.110000000000000000e+02 4.960000000000000000e+02
8.730000000000000000e+02 2.640000000000000000e+02
9.130000000000000000e+02 1.430000000000000000e+02
9.510000000000000000e+02 8.200000000000000000e+01
9.760000000000000000e+02 3.600000000000000000e+01
1.002000000000000000e+03 2.200000000000000000e+01
1.026000000000000000e+03 1.100000000000000000e+01
1.040000000000000000e+03 6.000000000000000000e+00
1.054000000000000000e+03 4.000000000000000000e+00
