4.830000000000000000e+02 1.894000000000000000e+03
8.110000000000000000e+02 4.340000000000000000e+02
8.440000000000000000e+02 1.960000000000000000e+02
8.790000000000000000e+02 9.700000000000000000e+01
9.250000000000000000e+02 4.200000000000000000e+01
9.660000000000000000e+02 2.000000000000000000e+01
9.890000000000000000e+02 8.000000000000000000e+00
1.005000000000000000e+03 5.000000000000000000e+00
1.023000000000000000e+03 3.000000000000000000e+00
1.033000000000000000e+03 0.000000000000000000e+00
