6.540000000000000000e+02 1.298000000000000000e+03
8.210000000000000000e+02 3.670000000000000000e+02
8.790000000000000000e+02 1.070000000000000000e+02
9.640000000000000000e+02 3.000000000000000000e+01
1.023000000000000000e+03 4.000000000000000000e+00
1.059000000000000000e+03 1.000000000000000000e+00
1.073000000000000000e+03 0.000000000000000000e+00
1.079000000000000000e+03 0.000000000000000000e+00
1.087000000000000000e+03 0.000000000000000000e+00
1.089000000000000000e+03 0.000000000000000000e+00
