5.820000000000000000e+02 1.431000000000000000e+03
8.240000000000000000e+02 3.730000000000000000e+02
8.820000000000000000e+02 1.620000000000000000e+02
9.360000000000000000e+02 7.200000000000000000e+01
9.840000000000000000e+02 3.300000000000000000e+01
1.014000000000000000e+03 1.500000000000000000e+01
1.032000000000000000e+03 1.000000000000000000e+01
1.049000000000000000e+03 5.000000000000000000e+00
1.063000000000000000e+03 3.000000000000000000e+00
1.069000000000000000e+03 1.000000000000000000e+00
