5.040000000000000000e+02 1.707000000000000000e+03
8.110000000000000000e+02 2.400000000000000000e+02
8.590000000000000000e+02 6.700000000000000000e+01
9.070000000000000000e+02 1.700000000000000000e+01
9.420000000000000000e+02 4.000000000000000000e+00
9.660000000000000000e+02 0.000000000000000000e+00
9.880000000000000000e+02 0.000000000000000000e+00
1.004000000000000000e+03 0.000000000000000000e+00
1.018000000000000000e+03 0.000000000000000000e+00
1.032000000000000000e+03 0.000000000000000000e+00
