4.190000000000000000e+02 3.848000000000000000e+03
8.080000000000000000e+02 5.910000000000000000e+02
8.280000000000000000e+02 3.650000000000000000e+02
8.520000000000000000e+02 2.480000000000000000e+02
8.770000000000000000e+02 1.820000000000000000e+02
9.050000000000000000e+02 1.310000000000000000e+02
9.250000000000000000e+02 8.800000000000000000e+01
9.490000000000000000e+02 5.900000000000000000e+01
9.690000000000000000e+02 3.600000000000000000e+01
9.950000000000000000e+02 2.700000000000000000e+01
