5.850000000000000000e+02 1.220000000000000000e+03
8.110000000000000000e+02 1.810000000000000000e+02
8.430000000000000000e+02 2.600000000000000000e+01
9.020000000000000000e+02 0.000000000000000000e+00
9.360000000000000000e+02 0.000000000000000000e+00
9.560000000000000000e+02 0.000000000000000000e+00
9.830000000000000000e+02 0.000000000000000000e+00
9.970000000000000000e+02 0.000000000000000000e+00
1.012000000000000000e+03 0.000000000000000000e+00
1.024000000000000000e+03 0.000000000000000000e+00
