4.780000000000000000e+02 2.676000000000000000e+03
8.160000000000000000e+02 6.420000000000000000e+02
8.630000000000000000e+02 3.120000000000000000e+02
8.990000000000000000e+02 1.830000000000000000e+02
9.350000000000000000e+02 1.040000000000000000e+02
9.580000000000000000e+02 6.100000000000000000e+01
9.870000000000000000e+02 3.200000000000000000e+01
1.001000000000000000e+03 1.400000000000000000e+01
1.022000000000000000e+03 6.000000000000000000e+00
1.039000000000000000e+03 4.000000000000000000e+00
