6.170000000000000000e+02 1.112000000000000000e+03
8.630000000000000000e+02 1.360000000000000000e+02
9.310000000000000000e+02 1.700000000000000000e+01
9.950000000000000000e+02 0.000000000000000000e+00
1.029000000000000000e+03 0.000000000000000000e+00
1.054000000000000000e+03 0.000000000000000000e+00
1.068000000000000000e+03 0.000000000000000000e+00
1.078000000000000000e+03 0.000000000000000000e+00
1.082000000000000000e+03 0.000000000000000000e+00
1.083000000000000000e+03 0.000000000000000000e+00
