5.570000000000000000e+02 1.461000000000000000e+03
7.970000000000000000e+02 3.610000000000000000e+02
8.370000000000000000e+02 1.380000000000000000e+02
8.720000000000000000e+02 3.500000000000000000e+01
9.120000000000000000e+02 3.000000000000000000e+00
9.430000000000000000e+02 1.000000000000000000e+00
9.720000000000000000e+02 0.000000000000000000e+00
9.960000000000000000e+02 0.000000000000000000e+00
1.007000000000000000e+03 0.000000000000000000e+00
1.021000000000000000e+03 0.000000000000000000e+00
