4.690000000000000000e+02 2.504000000000000000e+03
8.230000000000000000e+02 6.980000000000000000e+02
8.500000000000000000e+02 3.600000000000000000e+02
8.840000000000000000e+02 2.050000000000000000e+02
9.190000000000000000e+02 1.250000000000000000e+02
9.470000000000000000e+02 7.800000000000000000e+01
9.810000000000000000e+02 4.000000000000000000e+01
9.980000000000000000e+02 2.100000000000000000e+01
1.020000000000000000e+03 1.400000000000000000e+01
1.038000000000000000e+03 6.000000000000000000e+00
