4.700000000000000000e+02 2.144000000000000000e+03
8.500000000000000000e+02 1.770000000000000000e+02
9.250000000000000000e+02 3.300000000000000000e+01
9.760000000000000000e+02 8.000000000000000000e+00
1.023000000000000000e+03 4.000000000000000000e+00
1.052000000000000000e+03 2.000000000000000000e+00
1.067000000000000000e+03 0.000000000000000000e+00
1.076000000000000000e+03 0.000000000000000000e+00
1.086000000000000000e+03 0.000000000000000000e+00
1.091000000000000000e+03 0.000000000000000000e+00
