6.880000000000000000e+02 8.720000000000000000e+02
8.240000000000000000e+02 1.630000000000000000e+02
8.720000000000000000e+02 3.800000000000000000e+01
9.140000000000000000e+02 1.000000000000000000e+01
9.500000000000000000e+02 1.000000000000000000e+00
9.740000000000000000e+02 0.000000000000000000e+00
1.001000000000000000e+03 0.000000000000000000e+00
1.019000000000000000e+03 0.000000000000000000e+00
1.036000000000000000e+03 0.000000000000000000e+00
1.046000000000000000e+03 0.000000000000000000e+00
