4.410000000000000000e+02 2.917000000000000000e+03
7.160000000000000000e+02 2.310000000000000000e+02
9.040000000000000000e+02 7.400000000000000000e+01
9.450000000000000000e+02 2.500000000000000000e+01
9.910000000000000000e+02 9.000000000000000000e+00
1.013000000000000000e+03 3.000000000000000000e+00
1.028000000000000000e+03 1.000000000000000000e+00
1.040000000000000000e+03 0.000000000000000000e+00
1.050000000000000000e+03 0.000000000000000000e+00
1.059000000000000000e+03 0.000000000000000000e+00
