5.250000000000000000e+02 1.999000000000000000e+03
8.020000000000000000e+02 6.730000000000000000e+02
8.190000000000000000e+02 3.410000000000000000e+02
8.540000000000000000e+02 1.870000000000000000e+02
8.790000000000000000e+02 1.050000000000000000e+02
9.100000000000000000e+02 7.600000000000000000e+01
9.420000000000000000e+02 4.800000000000000000e+01
9.720000000000000000e+02 3.500000000000000000e+01
9.910000000000000000e+02 1.900000000000000000e+01
1.005000000000000000e+03 1.400000000000000000e+01
