5.470000000000000000e+02 1.356000000000000000e+03
8.100000000000000000e+02 2.930000000000000000e+02
8.660000000000000000e+02 1.090000000000000000e+02
9.020000000000000000e+02 4.700000000000000000e+01
9.460000000000000000e+02 1.800000000000000000e+01
9.810000000000000000e+02 9.000000000000000000e+00
1.003000000000000000e+03 2.000000000000000000e+00
1.017000000000000000e+03 1.000000000000000000e+00
1.028000000000000000e+03 0.000000000000000000e+00
1.043000000000000000e+03 0.000000000000000000e+00
