4.270000000000000000e+02 2.428000000000000000e+03
8.100000000000000000e+02 2.950000000000000000e+02
8.470000000000000000e+02 1.460000000000000000e+02
8.770000000000000000e+02 7.300000000000000000e+01
9.000000000000000000e+02 3.300000000000000000e+01
9.370000000000000000e+02 2.000000000000000000e+01
9.600000000000000000e+02 1.000000000000000000e+01
9.780000000000000000e+02 4.000000000000000000e+00
9.950000000000000000e+02 2.000000000000000000e+00
1.018000000000000000e+03 0.000000000000000000e+00
