4.970000000000000000e+02 1.692000000000000000e+03
8.270000000000000000e+02 2.410000000000000000e+02
8.780000000000000000e+02 6.200000000000000000e+01
9.300000000000000000e+02 1.200000000000000000e+01
9.630000000000000000e+02 2.000000000000000000e+00
9.960000000000000000e+02 0.000000000000000000e+00
1.008000000000000000e+03 0.000000000000000000e+00
1.022000000000000000e+03 0.000000000000000000e+00
1.036000000000000000e+03 0.000000000000000000e+00
1.050000000000000000e+03 0.000000000000000000e+00
