6.090000000000000000e+02 1.276000000000000000e+03
8.020000000000000000e+02 2.940000000000000000e+02
8.230000000000000000e+02 8.200000000000000000e+01
8.590000000000000000e+02 2.000000000000000000e+01
8.880000000000000000e+02 2.000000000000000000e+00
9.080000000000000000e+02 0.000000000000000000e+00
9.300000000000000000e+02 0.000000000000000000e+00
9.490000000000000000e+02 0.000000000000000000e+00
9.640000000000000000e+02 0.000000000000000000e+00
9.900000000000000000e+02 0.000000000000000000e+00
