7.170000000000000000e+02 1.021000000000000000e+03
8.320000000000000000e+02 2.140000000000000000e+02
8.980000000000000000e+02 3.600000000000000000e+01
9.410000000000000000e+02 5.000000000000000000e+00
9.810000000000000000e+02 0.000000000000000000e+00
1.007000000000000000e+03 0.000000000000000000e+00
1.021000000000000000e+03 0.000000000000000000e+00
1.031000000000000000e+03 0.000000000000000000e+00
1.039000000000000000e+03 0.000000000000000000e+00
1.047000000000000000e+03 0.000000000000000000e+00
