5.160000000000000000e+02 1.332000000000000000e+03
8.310000000000000000e+02 2.410000000000000000e+02
8.680000000000000000e+02 9.800000000000000000e+01
9.170000000000000000e+02 4.000000000000000000e+01
9.660000000000000000e+02 1.300000000000000000e+01
9.970000000000000000e+02 2.000000000000000000e+00
1.015000000000000000e+03 0.000000000000000000e+00
1.032000000000000000e+03 0.000000000000000000e+00
1.045000000000000000e+03 0.000000000000000000e+00
1.051000000000000000e+03 0.000000000000000000e+00
