4.130000000000000000e+02 2.717000000000000000e+03
8.130000000000000000e+02 2.240000000000000000e+02
8.580000000000000000e+02 7.800000000000000000e+01
9.140000000000000000e+02 1.800000000000000000e+01
9.520000000000000000e+02 1.000000000000000000e+00
9.910000000000000000e+02 0.000000000000000000e+00
1.013000000000000000e+03 0.000000000000000000e+00
1.027000000000000000e+03 0.000000000000000000e+00
1.034000000000000000e+03 0.000000000000000000e+00
1.044000000000000000e+03 0.000000000000000000e+00
