3.650000000000000000e+02 3.929000000000000000e+03
7.910000000000000000e+02 6.390000000000000000e+02
8.340000000000000000e+02 3.600000000000000000e+02
8.660000000000000000e+02 2.190000000000000000e+02
9.020000000000000000e+02 1.350000000000000000e+02
9.300000000000000000e+02 8.500000000000000000e+01
9.550000000000000000e+02 4.300000000000000000e+01
9.760000000000000000e+02 2.300000000000000000e+01
1.003000000000000000e+03 8.000000000000000000e+00
1.023000000000000000e+03 2.000000000000000000e+00
