4.160000000000000000e+02 2.174000000000000000e+03
8.010000000000000000e+02 3.620000000000000000e+02
8.200000000000000000e+02 1.740000000000000000e+02
8.420000000000000000e+02 8.600000000000000000e+01
8.800000000000000000e+02 4.700000000000000000e+01
9.000000000000000000e+02 2.700000000000000000e+01
9.160000000000000000e+02 1.200000000000000000e+01
9.400000000000000000e+02 6.000000000000000000e+00
9.610000000000000000e+02 2.000000000000000000e+00
9.820000000000000000e+02 1.000000000000000000e+00
