6.550000000000000000e+02 1.287000000000000000e+03
8.410000000000000000e+02 3.270000000000000000e+02
9.230000000000000000e+02 9.300000000000000000e+01
9.880000000000000000e+02 3.200000000000000000e+01
1.030000000000000000e+03 1.300000000000000000e+01
1.055000000000000000e+03 2.000000000000000000e+00
1.077000000000000000e+03 1.000000000000000000e+00
1.084000000000000000e+03 0.000000000000000000e+00
1.091000000000000000e+03 0.000000000000000000e+00
1.094000000000000000e+03 0.000000000000000000e+00
