5.660000000000000000e+02 1.239000000000000000e+03
8.290000000000000000e+02 2.700000000000000000e+02
9.030000000000000000e+02 1.000000000000000000e+02
9.600000000000000000e+02 3.600000000000000000e+01
1.014000000000000000e+03 1.400000000000000000e+01
1.048000000000000000e+03 4.000000000000000000e+00
1.064000000000000000e+03 2.000000000000000000e+00
1.077000000000000000e+03 1.000000000000000000e+00
1.083000000000000000e+03 0.000000000000000000e+00
1.087000000000000000e+03 0.000000000000000000e+00
