3.980000000000000000e+02 3.201000000000000000e+03
7.810000000000000000e+02 5.810000000000000000e+02
8.080000000000000000e+02 2.720000000000000000e+02
8.380000000000000000e+02 1.210000000000000000e+02
8.650000000000000000e+02 4.500000000000000000e+01
8.920000000000000000e+02 1.800000000000000000e+01
9.200000000000000000e+02 3.000000000000000000e+00
9.510000000000000000e+02 1.000000000000000000e+00
9.770000000000000000e+02 0.000000000000000000e+00
9.870000000000000000e+02 0.000000000000000000e+00
