4.960000000000000000e+02 1.787000000000000000e+03
8.280000000000000000e+02 5.580000000000000000e+02
8.650000000000000000e+02 3.270000000000000000e+02
9.010000000000000000e+02 2.030000000000000000e+02
9.200000000000000000e+02 1.110000000000000000e+02
9.490000000000000000e+02 6.900000000000000000e+01
9.710000000000000000e+02 3.600000000000000000e+01
9.890000000000000000e+02 1.800000000000000000e+01
1.006000000000000000e+03 1.100000000000000000e+01
1.033000000000000000e+03 5.000000000000000000e+00
