5.090000000000000000e+02 2.480000000000000000e+03
8.200000000000000000e+02 5.530000000000000000e+02
8.660000000000000000e+02 3.000000000000000000e+02
8.960000000000000000e+02 1.760000000000000000e+02
9.260000000000000000e+02 1.110000000000000000e+02
9.610000000000000000e+02 7.400000000000000000e+01
9.860000000000000000e+02 4.500000000000000000e+01
1.002000000000000000e+03 3.200000000000000000e+01
1.021000000000000000e+03 2.300000000000000000e+01
1.034000000000000000e+03 1.900000000000000000e+01
