5.280000000000000000e+02 1.472000000000000000e+03
8.480000000000000000e+02 2.380000000000000000e+02
9.130000000000000000e+02 8.900000000000000000e+01
9.730000000000000000e+02 4.000000000000000000e+01
1.023000000000000000e+03 1.500000000000000000e+01
1.049000000000000000e+03 1.000000000000000000e+00
1.070000000000000000e+03 0.000000000000000000e+00
1.077000000000000000e+03 0.000000000000000000e+00
1.083000000000000000e+03 0.000000000000000000e+00
1.086000000000000000e+03 0.000000000000000000e+00
