6.260000000000000000e+02 1.436000000000000000e+03
8.070000000000000000e+02 5.700000000000000000e+02
8.470000000000000000e+02 2.480000000000000000e+02
8.830000000000000000e+02 1.140000000000000000e+02
9.260000000000000000e+02 3.700000000000000000e+01
9.680000000000000000e+02 8.000000000000000000e+00
9.920000000000000000e+02 0.000000000000000000e+00
1.014000000000000000e+03 0.000000000000000000e+00
1.030000000000000000e+03 0.000000000000000000e+00
1.043000000000000000e+03 0.000000000000000000e+00
