4.900000000000000000e+02 1.905000000000000000e+03
8.130000000000000000e+02 2.970000000000000000e+02
8.600000000000000000e+02 8.300000000000000000e+01
9.000000000000000000e+02 2.000000000000000000e+01
9.440000000000000000e+02 6.000000000000000000e+00
9.730000000000000000e+02 1.000000000000000000e+00
9.900000000000000000e+02 0.000000000000000000e+00
1.007000000000000000e+03 0.000000000000000000e+00
1.020000000000000000e+03 0.000000000000000000e+00
1.033000000000000000e+03 0.000000000000000000e+00
