5.170000000000000000e+02 2.006000000000000000e+03
8.320000000000000000e+02 3.250000000000000000e+02
8.850000000000000000e+02 1.150000000000000000e+02
9.290000000000000000e+02 4.000000000000000000e+01
9.740000000000000000e+02 2.100000000000000000e+01
1.000000000000000000e+03 6.000000000000000000e+00
1.022000000000000000e+03 2.000000000000000000e+00
1.040000000000000000e+03 2.000000000000000000e+00
1.050000000000000000e+03 0.000000000000000000e+00
1.055000000000000000e+03 0.000000000000000000e+00
