4.970000000000000000e+02 1.656000000000000000e+03
8.090000000000000000e+02 2.060000000000000000e+02
8.400000000000000000e+02 4.400000000000000000e+01
8.820000000000000000e+02 6.000000000000000000e+00
9.140000000000000000e+02 1.000000000000000000e+00
9.410000000000000000e+02 0.000000000000000000e+00
9.630000000000000000e+02 0.000000000000000000e+00
9.820000000000000000e+02 0.000000000000000000e+00
9.960000000000000000e+02 0.000000000000000000e+00
1.012000000000000000e+03 0.000000000000000000e+00
