6.130000000000000000e+02 1.239000000000000000e+03
8.080000000000000000e+02 2.760000000000000000e+02
8.320000000000000000e+02 8.800000000000000000e+01
8.540000000000000000e+02 1.800000000000000000e+01
8.970000000000000000e+02 4.000000000000000000e+00
9.190000000000000000e+02 0.000000000000000000e+00
9.450000000000000000e+02 0.000000000000000000e+00
9.620000000000000000e+02 0.000000000000000000e+00
9.860000000000000000e+02 0.000000000000000000e+00
9.980000000000000000e+02 0.000000000000000000e+00
