5.400000000000000000e+02 1.844000000000000000e+03
8.080000000000000000e+02 4.280000000000000000e+02
8.550000000000000000e+02 1.470000000000000000e+02
9.060000000000000000e+02 5.200000000000000000e+01
9.530000000000000000e+02 1.900000000000000000e+01
9.870000000000000000e+02 0.000000000000000000e+00
1.023000000000000000e+03 0.000000000000000000e+00
1.041000000000000000e+03 0.000000000000000000e+00
1.053000000000000000e+03 0.000000000000000000e+00
1.067000000000000000e+03 0.000000000000000000e+00
